0 0.858594 0.769860 0.264062 0.460280
0 0.607812 0.836449 0.187500 0.327103
0 0.057031 0.804907 0.110937 0.390187
0 0.315625 0.799065 0.212500 0.401869
0 0.455469 0.800234 0.195312 0.399533
0 0.676562 0.695093 0.200000 0.362150
0 0.406250 0.566589 0.140625 0.446262
0 0.554688 0.491822 0.140625 0.212617
0 0.773438 0.452103 0.125000 0.282710
0 0.237500 0.481308 0.156250 0.429907
0 0.465625 0.337617 0.125000 0.488318
0 0.950000 0.495327 0.100000 0.616822
0 0.735156 0.242991 0.067187 0.196262
0 0.839063 0.358645 0.112500 0.273364
0 0.121875 0.171729 0.046875 0.086449
0 0.373437 0.271028 0.096875 0.214953
0 0.594531 0.399533 0.110937 0.471963
0 0.679688 0.276869 0.087500 0.348131
