1 0.125000 0.549074 0.093750 0.166667
1 0.221615 0.659259 0.074479 0.162963
1 0.031250 0.800000 0.061458 0.168519
1 0.401823 0.758796 0.167187 0.243519
1 0.552604 0.856481 0.154167 0.231481
1 0.541667 0.515741 0.130208 0.170370
1 0.691406 0.460185 0.118229 0.159259
1 0.839583 0.644907 0.107292 0.180556
1 0.778125 0.716204 0.095833 0.147222
1 0.703125 0.245370 0.035417 0.042593
1 0.709896 0.291667 0.052083 0.075926
1 0.647656 0.243981 0.038021 0.058333
1 0.667708 0.301852 0.035417 0.072222
1 0.498437 0.362500 0.035417 0.052778
0 0.865885 0.427778 0.043229 0.246296
0 0.960677 0.392593 0.034896 0.164815
0 0.880208 0.357870 0.043750 0.202778
1 0.814323 0.887500 0.073438 0.147222
