1 0.661198 0.367593 0.108854 0.181481
1 0.836458 0.644907 0.112500 0.169444
1 0.399740 0.760185 0.164062 0.255556
1 0.552604 0.860185 0.160417 0.222222
1 0.644531 0.512037 0.052604 0.064815
1 0.648438 0.601389 0.075000 0.134259
1 0.808594 0.430556 0.038021 0.055556
1 0.805729 0.482407 0.084375 0.122222
1 0.258333 0.613426 0.113542 0.147222
1 0.220052 0.229630 0.064062 0.087037
1 0.207292 0.303704 0.058333 0.090741
1 0.269792 0.360185 0.092708 0.212963
1 0.029687 0.796759 0.058333 0.184259
1 0.201302 0.871296 0.103646 0.196296
1 0.702604 0.691204 0.059375 0.091667
1 0.780729 0.713426 0.095833 0.156481
1 0.695052 0.499074 0.069271 0.133333
1 0.820833 0.878241 0.069792 0.145370
1 0.777865 0.231944 0.040104 0.052778
0 0.110156 0.445833 0.050521 0.119444
1 0.148177 0.320370 0.021354 0.035185
