1 0.69749 0.38517 0.11248 0.12741
1 0.90866 0.84647 0.08292 0.20019
1 0.03024 0.93059 0.06048 0.13285
1 0.83366 0.46247 0.05677 0.10551
1 0.77973 0.71029 0.09232 0.12853
1 0.82995 0.65123 0.09196 0.16725
1 0.57952 0.49725 0.12708 0.17826
1 0.12073 0.69353 0.16307 0.23160
1 0.54978 0.91772 0.14274 0.12197
1 0.40832 0.91991 0.14390 0.12228
1 0.39351 0.78721 0.16575 0.18367
1 0.44450 0.60108 0.19184 0.22224
1 0.33884 0.23302 0.05433 0.10726
1 0.10897 0.49020 0.17924 0.29358
1 0.26400 0.74691 0.10683 0.07952
1 0.58406 0.68347 0.09079 0.10157
1 0.04144 0.25081 0.08288 0.13589
1 0.61228 0.36845 0.06122 0.06540
1 0.42517 0.40294 0.18714 0.21750
