1 0.68978 0.46345 0.11067 0.14800
1 0.12559 0.54891 0.09392 0.16728
1 0.90708 0.84403 0.08532 0.20172
1 0.51182 0.39658 0.05304 0.08863
1 0.53941 0.51529 0.11976 0.17553
1 0.78123 0.71153 0.08527 0.11940
1 0.65393 0.31022 0.04987 0.05778
1 0.71298 0.30410 0.04007 0.05065
1 0.40236 0.79610 0.15488 0.16418
1 0.80695 0.56102 0.12968 0.16760
1 0.71408 0.24759 0.04524 0.06170
1 0.88185 0.65812 0.06358 0.10730
1 0.65412 0.26073 0.04985 0.07329
1 0.82277 0.65316 0.08746 0.17340
1 0.16639 0.39903 0.06320 0.11532
1 0.87786 0.26525 0.02116 0.06368
1 0.55369 0.96275 0.14087 0.06649
1 0.55303 0.10095 0.04920 0.03718
