1 0.69308 0.49530 0.13915 0.26983
1 0.80210 0.47941 0.12887 0.30022
1 0.51923 0.65788 0.17891 0.22576
1 0.90773 0.84615 0.08610 0.20176
1 0.84652 0.64453 0.13031 0.16419
1 0.68335 0.59708 0.18469 0.20649
1 0.14548 0.27124 0.06651 0.12925
1 0.78482 0.70110 0.09936 0.12015
1 0.41277 0.69062 0.13086 0.10485
1 0.40154 0.77212 0.16004 0.21549
1 0.50079 0.34983 0.07930 0.08312
1 0.55160 0.85521 0.14546 0.22973
1 0.02402 0.80570 0.04804 0.13676
1 0.55434 0.96051 0.14253 0.07812
1 0.62243 0.20212 0.04732 0.04161
1 0.51691 0.51428 0.11540 0.11207
1 0.12103 0.52328 0.18631 0.30838
1 0.87457 0.26060 0.02229 0.06518
1 0.55598 0.10130 0.05212 0.03952
1 0.75579 0.21393 0.03096 0.06467
1 0.95294 0.54772 0.09235 0.26695
