1 0.90741 0.84615 0.08568 0.20474
1 0.39069 0.54865 0.08625 0.19884
0 0.82105 0.30449 0.03239 0.16549
1 0.40157 0.77799 0.15967 0.20569
1 0.82162 0.63940 0.08303 0.18983
1 0.27816 0.71210 0.14600 0.12743
1 0.50057 0.38247 0.06640 0.11201
1 0.14463 0.27013 0.06727 0.13217
1 0.25715 0.51973 0.19219 0.33718
1 0.11649 0.49530 0.17989 0.27122
1 0.78485 0.51950 0.05520 0.09647
1 0.52536 0.59352 0.09473 0.11206
1 0.55241 0.41727 0.04465 0.10856
1 0.84478 0.64038 0.12845 0.19052
1 0.50949 0.51323 0.08068 0.09416
1 0.11518 0.67494 0.15364 0.21144
1 0.10317 0.57142 0.15100 0.12033
1 0.02447 0.81617 0.04894 0.16399
1 0.55643 0.10254 0.04994 0.03583
1 0.52353 0.51230 0.11857 0.10290
