1 0.66065 0.36652 0.09609 0.17615
1 0.91556 0.83547 0.08902 0.19444
1 0.78225 0.70940 0.09647 0.13146
1 0.23397 0.29599 0.10186 0.10415
1 0.70716 0.71606 0.06757 0.12312
1 0.14227 0.94477 0.07916 0.10980
1 0.21355 0.23209 0.04297 0.08050
1 0.84433 0.64681 0.12797 0.17108
1 0.80742 0.48343 0.07577 0.11981
1 0.23565 0.37927 0.10109 0.10857
1 0.80551 0.55360 0.08791 0.10055
1 0.03031 0.92913 0.06062 0.13750
1 0.78389 0.19348 0.06043 0.06240
1 0.40107 0.77956 0.15480 0.21446
1 0.63153 0.65330 0.08519 0.16747
1 0.62442 0.49556 0.09751 0.17848
1 0.77771 0.43909 0.08629 0.13379
1 0.57826 0.37119 0.07472 0.08054
1 0.38982 0.25412 0.06180 0.08930
