1 0.84558 0.64706 0.12853 0.17146
1 0.78122 0.70942 0.09570 0.13261
1 0.23359 0.29613 0.10184 0.10285
1 0.66015 0.36481 0.09408 0.17019
1 0.70445 0.71721 0.07138 0.12208
1 0.26990 0.44326 0.09182 0.10022
1 0.21336 0.23276 0.04198 0.08056
1 0.91416 0.83262 0.08732 0.18907
1 0.13086 0.43920 0.17636 0.20556
1 0.40195 0.76108 0.15284 0.25647
1 0.62515 0.50619 0.09803 0.19370
1 0.80149 0.40768 0.07707 0.14151
1 0.63188 0.64840 0.09661 0.16839
1 0.72923 0.55844 0.03865 0.08722
1 0.25059 0.36925 0.07700 0.10274
1 0.05480 0.93007 0.10960 0.13747
1 0.78327 0.19462 0.06101 0.06743
1 0.03659 0.92904 0.07310 0.13822
