1 0.27924 0.71378 0.14744 0.13153
1 0.39094 0.54962 0.08542 0.19982
1 0.90729 0.84397 0.08653 0.20127
1 0.77646 0.50190 0.07169 0.11116
1 0.82289 0.64307 0.07892 0.17357
1 0.25741 0.51568 0.19642 0.35850
1 0.14617 0.26415 0.06653 0.13078
1 0.50138 0.38805 0.06752 0.12289
1 0.40259 0.76281 0.15958 0.23383
1 0.11363 0.49472 0.17399 0.27020
1 0.02373 0.80351 0.04741 0.14777
1 0.75523 0.21302 0.03049 0.06511
1 0.78413 0.70892 0.10236 0.11854
1 0.55494 0.10104 0.04853 0.03769
1 0.87431 0.26057 0.02249 0.06267
1 0.11337 0.65645 0.15004 0.17894
