1 0.12015 0.54971 0.08410 0.16614
1 0.90720 0.84672 0.08577 0.20683
1 0.15258 0.40247 0.03640 0.07578
1 0.65312 0.31003 0.04942 0.06700
1 0.69099 0.50013 0.07623 0.09101
1 0.67296 0.56908 0.10643 0.12521
1 0.71238 0.30100 0.04081 0.06151
1 0.40228 0.77410 0.15398 0.20651
1 0.19362 0.65984 0.12600 0.15714
1 0.64508 0.24833 0.03820 0.06332
1 0.70852 0.24794 0.03281 0.04104
1 0.61850 0.19964 0.03028 0.03780
1 0.79695 0.63227 0.13239 0.22103
1 0.55447 0.10156 0.05053 0.03459
1 0.23153 0.56432 0.07957 0.14333
1 0.68801 0.21987 0.02589 0.07700
