1 0.40984 0.59504 0.05264 0.09908
1 0.32671 0.55102 0.08029 0.11685
1 0.03036 0.92770 0.06071 0.13636
1 0.89417 0.84183 0.11683 0.21925
1 0.83945 0.64657 0.10505 0.17138
1 0.68440 0.36442 0.12080 0.16308
1 0.78066 0.70644 0.09555 0.14988
1 0.65851 0.63050 0.08284 0.17334
1 0.39262 0.80042 0.16335 0.15842
1 0.67413 0.30114 0.09982 0.07492
1 0.49580 0.74496 0.04053 0.07455
1 0.67391 0.20143 0.04094 0.06428
1 0.40725 0.92818 0.14658 0.10560
1 0.69138 0.25129 0.03042 0.04059
1 0.54961 0.91350 0.14520 0.12304
