1 0.82184 0.64810 0.08336 0.16978
1 0.90744 0.84548 0.08617 0.20050
1 0.66150 0.33849 0.07234 0.10124
1 0.54927 0.44799 0.07819 0.13143
1 0.14594 0.26683 0.06743 0.12836
1 0.31502 0.62470 0.18139 0.26620
1 0.29964 0.46611 0.14469 0.31109
1 0.40054 0.77891 0.16189 0.19989
1 0.02737 0.79950 0.05473 0.15604
1 0.64547 0.25688 0.03882 0.07789
1 0.56987 0.58704 0.07297 0.15728
1 0.64814 0.56010 0.07316 0.12680
1 0.68922 0.40574 0.14330 0.11674
1 0.49318 0.45561 0.04869 0.07489
1 0.71000 0.24663 0.03321 0.03781
1 0.61747 0.20150 0.03411 0.03894
