1 0.80163 0.47257 0.13603 0.30222
1 0.69098 0.48644 0.14189 0.25623
1 0.52396 0.53675 0.14906 0.33817
1 0.78240 0.70783 0.09675 0.12854
1 0.90858 0.84655 0.08104 0.19979
1 0.82670 0.64592 0.08335 0.16205
1 0.03029 0.93098 0.06057 0.13373
1 0.61634 0.40070 0.08128 0.13766
1 0.43609 0.59332 0.06219 0.10786
1 0.39327 0.79791 0.16786 0.15892
1 0.60779 0.54370 0.03933 0.16022
1 0.03958 0.25230 0.07850 0.13319
1 0.40916 0.92319 0.14209 0.11824
1 0.54419 0.68898 0.13266 0.17602
1 0.30765 0.45414 0.14176 0.30928
1 0.88305 0.61899 0.04771 0.07701
