1 0.84624 0.64453 0.12420 0.16590
1 0.33998 0.23913 0.05413 0.11099
1 0.56689 0.30899 0.13585 0.13606
1 0.90698 0.84818 0.08516 0.20822
1 0.78331 0.70559 0.09781 0.12406
1 0.33503 0.33077 0.05588 0.08126
1 0.57821 0.42411 0.12780 0.12203
1 0.39988 0.31044 0.06141 0.07602
1 0.75393 0.51665 0.04839 0.10482
1 0.14239 0.27123 0.07372 0.13421
0 0.70910 0.28841 0.05435 0.14648
1 0.33493 0.36661 0.05386 0.05272
1 0.46331 0.28641 0.05768 0.08879
1 0.41337 0.15365 0.05449 0.07553
1 0.48822 0.37587 0.04136 0.05652
1 0.55612 0.10126 0.05456 0.03907
1 0.40326 0.78010 0.15492 0.27294
1 0.64015 0.15802 0.04593 0.08045
1 0.87860 0.26580 0.02016 0.06674
1 0.47037 0.29979 0.06636 0.10666
1 0.45014 0.14792 0.03815 0.06605
