1 0.55793 0.36245 0.09665 0.10403
1 0.68044 0.38753 0.06854 0.09540
1 0.34065 0.23206 0.05899 0.10821
1 0.83629 0.41611 0.08166 0.13252
1 0.90896 0.85033 0.08063 0.20798
1 0.33601 0.31585 0.06405 0.08264
1 0.40118 0.33359 0.06780 0.12536
1 0.84787 0.64875 0.12609 0.17259
1 0.54956 0.47482 0.14827 0.14812
1 0.03048 0.93076 0.06096 0.13400
1 0.24655 0.48675 0.06306 0.14164
1 0.39989 0.31152 0.06550 0.08867
1 0.39476 0.78949 0.15942 0.17421
1 0.55107 0.91818 0.14723 0.11872
1 0.18110 0.52130 0.07318 0.13360
1 0.78048 0.71250 0.09328 0.12717
1 0.75000 0.44102 0.06347 0.06870
