1 0.77161 0.29712 0.05985 0.09309
1 0.82323 0.65326 0.07812 0.17528
1 0.45197 0.49398 0.06007 0.09296
1 0.76287 0.55636 0.11329 0.14963
1 0.26435 0.65957 0.07289 0.11994
1 0.13409 0.66958 0.06610 0.16147
1 0.74378 0.68021 0.09043 0.13062
1 0.90699 0.83736 0.08632 0.22047
1 0.26267 0.68684 0.07591 0.17421
1 0.14791 0.39698 0.03130 0.07901
1 0.39939 0.75363 0.15830 0.23801
0 0.30567 0.57793 0.14787 0.31893
1 0.02585 0.81807 0.04971 0.11444
0 0.67935 0.30113 0.03329 0.20362
1 0.26254 0.72268 0.07671 0.12665
1 0.01731 0.78042 0.03462 0.09026
