1 0.90784 0.84116 0.08633 0.19503
1 0.82293 0.64751 0.07987 0.16573
1 0.14559 0.26510 0.06492 0.11919
1 0.31495 0.62632 0.18115 0.25757
1 0.30029 0.46542 0.14607 0.31094
1 0.56954 0.47553 0.11112 0.12520
1 0.40050 0.77917 0.16206 0.20303
1 0.64598 0.25697 0.03908 0.07403
1 0.71303 0.30118 0.03947 0.06064
1 0.38646 0.42010 0.04402 0.10428
1 0.67653 0.21178 0.04001 0.05724
1 0.53566 0.38334 0.15078 0.10165
1 0.70928 0.24728 0.03179 0.03866
1 0.49293 0.44987 0.05826 0.09815
1 0.40115 0.69558 0.15397 0.10886
1 0.65489 0.29605 0.05262 0.07717
1 0.54482 0.13821 0.07369 0.08260
1 0.57031 0.58930 0.07151 0.15406
