1 0.33648 0.33418 0.06733 0.11788
1 0.33940 0.23138 0.05336 0.10527
1 0.90922 0.84821 0.08192 0.20612
1 0.40231 0.31826 0.06820 0.14044
1 0.25141 0.48996 0.07249 0.15004
1 0.36537 0.43893 0.13491 0.12294
1 0.39884 0.79257 0.15380 0.16613
1 0.03100 0.93056 0.06200 0.13568
1 0.84562 0.64003 0.12704 0.18643
1 0.28190 0.68675 0.09437 0.19488
1 0.78099 0.71371 0.09669 0.14127
1 0.37711 0.53191 0.13938 0.11451
1 0.18157 0.51612 0.07539 0.13902
1 0.33325 0.44016 0.07034 0.11935
1 0.55081 0.91214 0.14501 0.12731
