1 0.56835 0.31238 0.13242 0.13029
1 0.82401 0.64795 0.07878 0.16839
1 0.33632 0.31859 0.05586 0.07461
1 0.40071 0.29901 0.06379 0.09747
1 0.34933 0.23841 0.06215 0.10770
1 0.90500 0.84330 0.10165 0.21681
1 0.33675 0.36747 0.05591 0.05545
1 0.62333 0.39297 0.03748 0.06450
1 0.54854 0.39667 0.06278 0.06196
1 0.18212 0.53033 0.07350 0.10714
1 0.61282 0.44379 0.05681 0.06451
1 0.69577 0.30597 0.05832 0.08243
1 0.55496 0.10304 0.04955 0.03634
1 0.87822 0.26587 0.01973 0.06426
1 0.14740 0.39711 0.03108 0.07251
1 0.54738 0.43865 0.06472 0.07691
1 0.63496 0.15639 0.06158 0.07983
1 0.14334 0.26974 0.07182 0.12573
1 0.40278 0.76469 0.15662 0.24361
1 0.44909 0.43541 0.04036 0.08193
1 0.33604 0.33819 0.05701 0.11387
1 0.54323 0.14478 0.07018 0.07283
