1 0.77681 0.50407 0.07006 0.12579
1 0.39061 0.54883 0.08527 0.19748
1 0.90793 0.84632 0.08545 0.20586
1 0.50080 0.38190 0.06612 0.11139
1 0.82143 0.64096 0.07914 0.18015
1 0.56275 0.50855 0.04669 0.07943
1 0.40125 0.79419 0.15806 0.17210
1 0.55253 0.41843 0.04433 0.10847
1 0.50855 0.51780 0.06225 0.08233
1 0.87468 0.25925 0.02416 0.06131
1 0.25802 0.52536 0.18973 0.33700
1 0.41560 0.69146 0.12533 0.10496
1 0.78305 0.70945 0.09848 0.11380
1 0.11530 0.67290 0.15299 0.20602
1 0.26310 0.61902 0.17922 0.15066
1 0.11383 0.50428 0.17458 0.25111
1 0.75929 0.21521 0.02746 0.06621
1 0.14517 0.27195 0.06596 0.12771
1 0.25864 0.72374 0.10780 0.11091
1 0.10197 0.56534 0.15087 0.13349
