1 0.84832 0.64652 0.12525 0.17006
1 0.90724 0.84904 0.08683 0.20681
1 0.33395 0.34260 0.05690 0.10021
1 0.56878 0.30841 0.13168 0.13990
1 0.75342 0.51830 0.04769 0.09874
1 0.40033 0.30925 0.06333 0.07785
1 0.49112 0.37104 0.04730 0.05264
1 0.14140 0.27448 0.08117 0.14064
1 0.62475 0.39604 0.03383 0.05768
1 0.62509 0.44403 0.03405 0.05534
1 0.56130 0.42679 0.09163 0.11202
1 0.78411 0.70995 0.09865 0.12483
1 0.41651 0.15339 0.05041 0.07609
1 0.55530 0.10178 0.04990 0.03825
1 0.55361 0.96097 0.14220 0.07613
1 0.40292 0.77481 0.15635 0.22674
1 0.48798 0.31824 0.03829 0.07290
1 0.41586 0.52038 0.05821 0.14328
1 0.63580 0.15579 0.05507 0.08258
1 0.55260 0.85912 0.14328 0.22740
1 0.46547 0.27902 0.05024 0.10133
