1 0.90915 0.84525 0.08184 0.19966
1 0.82235 0.65251 0.08308 0.16692
1 0.29962 0.48807 0.14535 0.26883
1 0.03011 0.93056 0.06021 0.13300
1 0.49751 0.74928 0.04130 0.07750
1 0.77911 0.53772 0.12759 0.19115
1 0.78011 0.71328 0.09327 0.13383
1 0.30764 0.34734 0.11040 0.07558
1 0.39537 0.80008 0.16251 0.15651
1 0.65311 0.54021 0.05975 0.10357
1 0.40922 0.92187 0.14226 0.11613
1 0.21267 0.65667 0.09390 0.22205
1 0.04021 0.25140 0.08009 0.13658
1 0.54975 0.91298 0.14451 0.12576
1 0.59602 0.54790 0.06359 0.11084
1 0.19909 0.54262 0.09178 0.14674
