1 0.90791 0.84685 0.08548 0.20512
1 0.50295 0.38548 0.06871 0.12157
1 0.27748 0.71406 0.14484 0.12733
1 0.39032 0.54845 0.08576 0.20021
1 0.78553 0.51378 0.05355 0.08693
1 0.40157 0.79519 0.15867 0.16998
1 0.25862 0.52563 0.19079 0.33983
1 0.11516 0.50022 0.17794 0.26181
1 0.82330 0.64385 0.08255 0.17248
1 0.14563 0.27060 0.06383 0.12560
1 0.41344 0.69240 0.13049 0.10995
1 0.52552 0.59244 0.09376 0.11073
1 0.84700 0.64534 0.12917 0.17387
1 0.02634 0.80517 0.05260 0.14262
1 0.52663 0.51204 0.11248 0.10031
1 0.78246 0.71389 0.09600 0.11069
1 0.11397 0.65879 0.15060 0.17679
1 0.02283 0.77543 0.04566 0.10104
1 0.10320 0.57128 0.15231 0.12074
