1 0.82557 0.64574 0.08493 0.18625
1 0.78682 0.71183 0.09716 0.11381
1 0.16967 0.61525 0.19455 0.26551
1 0.03125 0.81110 0.06251 0.18531
1 0.78046 0.42203 0.12580 0.10735
1 0.32514 0.95112 0.31025 0.09776
1 0.37148 0.57749 0.05440 0.12186
1 0.14136 0.94621 0.08209 0.10757
1 0.29873 0.60732 0.08430 0.15722
0 0.94347 0.47425 0.11306 0.36596
1 0.03125 0.92907 0.06238 0.13590
1 0.40155 0.79470 0.14998 0.17265
1 0.55402 0.96747 0.14584 0.06317
1 0.89693 0.58794 0.05103 0.09653
1 0.05579 0.18602 0.11090 0.15797
