1 0.68991 0.46307 0.11207 0.14622
1 0.12524 0.54901 0.09393 0.16693
1 0.90678 0.84677 0.08540 0.20571
1 0.82276 0.65199 0.08504 0.17268
1 0.65339 0.30808 0.05063 0.06192
1 0.78263 0.71087 0.08679 0.11878
1 0.80637 0.56261 0.12980 0.17333
1 0.71252 0.30625 0.03983 0.04983
1 0.40255 0.79134 0.15445 0.17117
1 0.53949 0.51674 0.12009 0.17074
1 0.88249 0.65820 0.05985 0.10767
1 0.65142 0.25678 0.04952 0.07333
1 0.51004 0.40009 0.05669 0.08285
1 0.14568 0.26854 0.06500 0.13089
1 0.55407 0.10123 0.04759 0.03542
1 0.55276 0.96336 0.13854 0.06689
1 0.16573 0.41070 0.06400 0.13578
1 0.53868 0.48332 0.11873 0.10863
1 0.68364 0.20168 0.02734 0.03990
1 0.61663 0.19949 0.03335 0.04069
1 0.71412 0.24901 0.04507 0.06144
