1 0.65757 0.36860 0.09647 0.16658
1 0.47692 0.27102 0.08775 0.17059
1 0.23462 0.29623 0.10338 0.10806
1 0.77982 0.70906 0.09646 0.13137
1 0.84633 0.64845 0.12673 0.17297
1 0.79568 0.35217 0.04729 0.06891
1 0.21690 0.23274 0.04922 0.08061
1 0.72328 0.55616 0.09544 0.18102
1 0.91432 0.84652 0.08733 0.21730
1 0.26964 0.44712 0.09236 0.09875
1 0.60770 0.49718 0.06336 0.17869
1 0.40263 0.75658 0.15704 0.26002
1 0.03229 0.92925 0.06458 0.13957
1 0.81837 0.29281 0.07274 0.10064
1 0.70111 0.42334 0.07534 0.16739
1 0.63474 0.61692 0.11098 0.21277
1 0.12578 0.43713 0.17205 0.19608
1 0.78296 0.20666 0.06323 0.08664
