1 0.91023 0.84724 0.08386 0.20577
1 0.84659 0.64543 0.12628 0.16928
1 0.33946 0.23399 0.05332 0.10706
1 0.33643 0.32364 0.06414 0.09447
1 0.24710 0.48518 0.06343 0.14581
1 0.03088 0.92875 0.06176 0.13572
1 0.54639 0.43110 0.15651 0.24437
1 0.45794 0.49626 0.04298 0.11993
1 0.78223 0.71220 0.09289 0.13468
1 0.40128 0.32417 0.06772 0.10228
1 0.39451 0.77942 0.16384 0.19591
1 0.55097 0.85898 0.14801 0.23026
1 0.49697 0.75022 0.04190 0.07895
1 0.58671 0.54896 0.06295 0.12395
1 0.55562 0.96725 0.14701 0.05929
1 0.18233 0.51839 0.07212 0.13416
1 0.72025 0.67332 0.16164 0.16807
1 0.40351 0.34578 0.07133 0.14542
