1 0.82310 0.64776 0.08272 0.17167
1 0.55063 0.44744 0.07680 0.13550
1 0.66080 0.33893 0.07281 0.09938
1 0.14675 0.26592 0.06366 0.12350
1 0.90744 0.84404 0.08579 0.20094
1 0.31481 0.60975 0.18204 0.29115
1 0.64694 0.56123 0.07444 0.13432
1 0.57145 0.58738 0.06719 0.15680
1 0.64472 0.26136 0.03888 0.08273
1 0.40107 0.77017 0.15993 0.21753
1 0.29910 0.46552 0.14222 0.31429
1 0.68830 0.40376 0.14435 0.11502
1 0.71057 0.24694 0.03190 0.03809
1 0.55386 0.96390 0.14412 0.07219
1 0.71212 0.29235 0.04171 0.06688
1 0.61933 0.20248 0.03223 0.03961
1 0.20506 0.60930 0.08508 0.17226
