1 0.32621 0.52198 0.07790 0.16593
1 0.90712 0.84224 0.08665 0.21678
1 0.82456 0.64676 0.07563 0.16430
1 0.78531 0.54299 0.07352 0.09194
1 0.67541 0.22140 0.05519 0.07314
1 0.41427 0.68895 0.11678 0.10233
1 0.40095 0.79523 0.15170 0.16180
1 0.25697 0.73109 0.07199 0.10497
1 0.39089 0.68932 0.16392 0.10511
1 0.55342 0.96124 0.14203 0.07192
1 0.84172 0.64685 0.10997 0.16229
1 0.32613 0.55405 0.07831 0.10009
1 0.05081 0.25673 0.10153 0.13358
1 0.87753 0.26414 0.02069 0.05752
1 0.84777 0.90652 0.11217 0.18565
