1 0.84533 0.64722 0.11698 0.17215
1 0.03018 0.93030 0.06036 0.13422
1 0.40735 0.59626 0.04546 0.09676
1 0.66333 0.63289 0.09812 0.17228
1 0.68696 0.33704 0.10839 0.10240
1 0.89440 0.84175 0.11847 0.22012
1 0.78059 0.70601 0.09701 0.14938
1 0.64928 0.43384 0.11112 0.15583
1 0.68358 0.36443 0.11912 0.15871
1 0.67172 0.30184 0.09910 0.08115
1 0.63483 0.43094 0.07823 0.15269
1 0.49610 0.74633 0.04044 0.07400
1 0.39101 0.78606 0.16607 0.18602
1 0.55872 0.46541 0.06155 0.09533
1 0.40684 0.92489 0.14790 0.11363
1 0.32707 0.55192 0.08294 0.11360
1 0.61157 0.55863 0.04662 0.08909
1 0.69068 0.25043 0.03325 0.04361
1 0.54991 0.91317 0.14517 0.12272
