1 0.69260 0.48292 0.13830 0.24251
1 0.52595 0.54159 0.15171 0.34079
1 0.78229 0.71038 0.09678 0.13082
1 0.90852 0.84683 0.08209 0.19990
1 0.84236 0.64750 0.11571 0.16788
1 0.80108 0.46513 0.13375 0.27955
1 0.03060 0.93051 0.06120 0.13234
1 0.43497 0.59451 0.06323 0.10809
1 0.39344 0.79877 0.16713 0.15626
1 0.04205 0.25324 0.08363 0.12944
1 0.50670 0.28725 0.03526 0.06969
1 0.49722 0.74730 0.04194 0.07694
1 0.22309 0.75754 0.07662 0.06407
1 0.54984 0.91527 0.14588 0.12383
1 0.60879 0.50156 0.03510 0.09227
1 0.40858 0.92234 0.14329 0.11504
1 0.88265 0.61674 0.04893 0.08289
1 0.14240 0.27566 0.08160 0.14294
