1 0.84812 0.64789 0.12788 0.17127
1 0.23804 0.29813 0.08102 0.10309
1 0.64638 0.45007 0.08610 0.13343
1 0.21442 0.43860 0.04458 0.06093
1 0.25342 0.36518 0.11614 0.10033
1 0.63462 0.63294 0.11350 0.22111
1 0.90911 0.84108 0.08274 0.21763
1 0.78063 0.70996 0.09453 0.11792
1 0.28519 0.36086 0.05370 0.09455
1 0.40153 0.78603 0.15568 0.19058
0 0.07202 0.65228 0.14380 0.62186
1 0.77664 0.56081 0.10736 0.16303
1 0.14109 0.27414 0.07700 0.13914
1 0.27464 0.36205 0.07410 0.09756
1 0.55567 0.96422 0.14280 0.06938
1 0.41804 0.69286 0.11633 0.10398
