1 0.90956 0.84733 0.08117 0.20323
1 0.33641 0.33710 0.06717 0.11669
1 0.33977 0.23401 0.05532 0.10814
1 0.40276 0.32888 0.06893 0.11979
1 0.33245 0.44122 0.06870 0.11662
1 0.25055 0.48698 0.07146 0.14640
1 0.03128 0.93021 0.06256 0.13142
1 0.39799 0.79275 0.15126 0.16554
0 0.59411 0.60899 0.14624 0.28105
1 0.18065 0.51968 0.07351 0.12809
1 0.81618 0.47582 0.05269 0.09275
1 0.28171 0.68445 0.09481 0.19406
1 0.39833 0.43367 0.06957 0.11258
1 0.78209 0.71048 0.09516 0.12405
1 0.84721 0.64721 0.12173 0.16759
1 0.81694 0.49303 0.05297 0.12931
1 0.52466 0.64675 0.12803 0.14698
1 0.40665 0.92384 0.14765 0.11530
1 0.49208 0.64608 0.06475 0.14320
1 0.55038 0.90389 0.14548 0.14789
1 0.55057 0.86502 0.14926 0.22424
