1 0.69340 0.49608 0.13983 0.27255
1 0.52323 0.52389 0.14096 0.29172
1 0.80198 0.47827 0.12849 0.29731
1 0.30888 0.45296 0.13792 0.30196
1 0.90796 0.84091 0.08540 0.18995
1 0.78240 0.70333 0.09472 0.12286
1 0.50896 0.35408 0.06788 0.05767
1 0.02894 0.80073 0.05788 0.15054
1 0.69769 0.61663 0.15727 0.14548
1 0.84602 0.64685 0.12855 0.17034
1 0.39584 0.69214 0.16610 0.10667
1 0.54121 0.70951 0.11758 0.09109
1 0.55707 0.10139 0.05155 0.04005
1 0.39816 0.79403 0.16517 0.16858
1 0.32321 0.62509 0.17791 0.24050
1 0.62271 0.20220 0.04636 0.03950
1 0.69073 0.70605 0.10255 0.10112
1 0.14217 0.27075 0.07149 0.12547
1 0.29094 0.66392 0.11228 0.15694
1 0.54542 0.68699 0.13010 0.14917
1 0.29719 0.63790 0.12442 0.20006
1 0.87455 0.26556 0.02330 0.07167
1 0.54948 0.85498 0.14897 0.23106
