1 0.82313 0.64779 0.07996 0.17015
1 0.54943 0.44503 0.07786 0.13699
1 0.14647 0.26482 0.06683 0.12399
1 0.66114 0.33796 0.07265 0.09969
1 0.90735 0.84382 0.08609 0.19963
1 0.31440 0.61414 0.18190 0.28778
1 0.40167 0.76963 0.16048 0.21755
1 0.64733 0.56528 0.07308 0.14444
1 0.64526 0.25661 0.03737 0.07681
1 0.29982 0.46500 0.14530 0.31231
1 0.49302 0.45576 0.04728 0.07298
1 0.56894 0.58675 0.07231 0.15767
1 0.88156 0.65507 0.06473 0.10148
1 0.71466 0.29303 0.03647 0.06884
1 0.61722 0.20169 0.03545 0.03989
1 0.70769 0.20035 0.02319 0.06918
1 0.70786 0.24732 0.03195 0.03717
