1 0.56889 0.31371 0.13094 0.13015
1 0.83471 0.64841 0.09862 0.17107
1 0.33633 0.33278 0.05970 0.11748
1 0.90743 0.84755 0.08637 0.20717
1 0.40002 0.30475 0.06584 0.09744
1 0.47012 0.37690 0.04602 0.05387
1 0.41533 0.52367 0.05880 0.17441
0 0.72726 0.29813 0.03895 0.15748
1 0.57946 0.42373 0.13080 0.11463
1 0.62289 0.39433 0.03918 0.06242
1 0.40298 0.76470 0.15542 0.23805
1 0.55546 0.10237 0.05275 0.03923
1 0.14479 0.26893 0.06839 0.13080
1 0.48663 0.41582 0.05473 0.06684
1 0.37557 0.41139 0.10661 0.15517
1 0.24668 0.46143 0.06254 0.09712
1 0.63495 0.20630 0.05636 0.04026
1 0.51795 0.27860 0.03771 0.07313
