1 0.56838 0.31423 0.13276 0.13121
1 0.33701 0.33316 0.05939 0.11795
1 0.40081 0.31372 0.06453 0.10372
1 0.46965 0.37785 0.04499 0.05456
1 0.55176 0.39663 0.07406 0.06407
1 0.18170 0.52520 0.07410 0.11461
1 0.13993 0.27677 0.07967 0.14411
1 0.87837 0.26579 0.01989 0.06292
1 0.40370 0.76208 0.15646 0.23602
1 0.55567 0.10259 0.05138 0.03849
1 0.41658 0.51217 0.05598 0.15108
1 0.42052 0.15548 0.04735 0.08537
1 0.78624 0.19468 0.02968 0.03878
1 0.61722 0.39314 0.04950 0.06447
1 0.61337 0.44486 0.05662 0.06068
1 0.84674 0.64122 0.12303 0.15917
0 0.52467 0.58711 0.12072 0.34919
1 0.54490 0.43821 0.06725 0.07959
1 0.75762 0.87040 0.12540 0.25162
1 0.24734 0.46536 0.06250 0.10304
1 0.15127 0.39118 0.04044 0.07632
