1 0.90812 0.84604 0.08656 0.20458
1 0.56706 0.31125 0.13488 0.13261
1 0.33618 0.32258 0.05604 0.09964
1 0.84748 0.64961 0.12384 0.17439
1 0.40166 0.29838 0.06247 0.10360
1 0.62519 0.44430 0.03401 0.05656
1 0.56123 0.42953 0.09205 0.10914
1 0.49147 0.37122 0.04831 0.05989
1 0.62475 0.39645 0.03480 0.05998
1 0.33566 0.36656 0.05405 0.05147
1 0.55470 0.96235 0.14318 0.07261
1 0.14402 0.27907 0.07381 0.14786
1 0.48613 0.31461 0.03624 0.06860
1 0.37326 0.41825 0.11364 0.16173
1 0.78243 0.70839 0.09652 0.12194
1 0.55575 0.10244 0.05182 0.03572
1 0.41874 0.15713 0.04807 0.08218
1 0.41401 0.54324 0.06182 0.14516
1 0.40225 0.77722 0.15422 0.23467
