1 0.69076 0.49394 0.14270 0.26373
1 0.80355 0.47827 0.13186 0.29054
1 0.52365 0.54322 0.14195 0.33122
1 0.78154 0.70885 0.09501 0.12742
1 0.90855 0.84636 0.08145 0.19913
1 0.54291 0.17639 0.07017 0.08106
1 0.84595 0.64733 0.12289 0.16904
1 0.03067 0.93141 0.06134 0.13353
1 0.52314 0.31442 0.08521 0.13532
1 0.39352 0.79850 0.16768 0.15816
1 0.50905 0.31434 0.05670 0.13826
1 0.69603 0.18011 0.04256 0.04942
1 0.60668 0.49512 0.03658 0.08625
1 0.40899 0.92337 0.14221 0.11551
1 0.54567 0.68824 0.12845 0.16932
1 0.49711 0.74506 0.04016 0.07753
