1 0.68981 0.46411 0.11209 0.14872
1 0.82264 0.65237 0.08107 0.17398
1 0.12167 0.54891 0.08694 0.16782
1 0.90696 0.84814 0.08653 0.20677
1 0.78167 0.50900 0.08843 0.16221
1 0.51338 0.41045 0.05084 0.06584
1 0.71284 0.29946 0.04045 0.06757
1 0.65329 0.30836 0.05146 0.06603
1 0.65064 0.25153 0.04849 0.06492
1 0.49552 0.36049 0.03311 0.05340
1 0.53781 0.48235 0.11520 0.10674
1 0.55482 0.96351 0.14319 0.07201
1 0.70820 0.25223 0.03388 0.04993
1 0.40288 0.78873 0.15451 0.18309
1 0.77974 0.71413 0.08238 0.10883
1 0.14586 0.27098 0.06434 0.12857
1 0.55290 0.10069 0.05212 0.03940
