1 0.69021 0.46364 0.11284 0.14826
1 0.78194 0.51034 0.08685 0.15742
1 0.12050 0.54972 0.08454 0.16543
1 0.82280 0.65107 0.08210 0.17588
1 0.90706 0.84583 0.08553 0.20464
1 0.65117 0.30796 0.04726 0.06787
1 0.64923 0.25265 0.04655 0.06563
1 0.88070 0.65850 0.06508 0.10773
1 0.53583 0.48210 0.11833 0.10702
1 0.78366 0.71113 0.08826 0.10746
1 0.55349 0.96124 0.14141 0.07345
1 0.55530 0.10112 0.05226 0.03949
1 0.16915 0.54031 0.04452 0.13014
1 0.05584 0.21627 0.11168 0.22567
1 0.40263 0.78833 0.15379 0.18479
