1 0.73542 0.28122 0.09559 0.14901
1 0.78143 0.71030 0.09702 0.12690
1 0.84656 0.64804 0.12574 0.17115
1 0.91390 0.84729 0.08677 0.21786
1 0.40145 0.76333 0.15582 0.25256
1 0.72867 0.39861 0.12637 0.18474
1 0.81514 0.41584 0.05886 0.11565
1 0.81826 0.51788 0.06216 0.10486
1 0.53418 0.49171 0.17494 0.15241
1 0.74625 0.41715 0.09118 0.14294
1 0.72787 0.51468 0.16357 0.23264
1 0.60962 0.42563 0.07563 0.11146
1 0.60991 0.36237 0.05767 0.06680
1 0.12334 0.43994 0.17094 0.19765
1 0.77840 0.19238 0.05400 0.05833
1 0.03239 0.92866 0.06477 0.13995
1 0.91490 0.79874 0.08371 0.12211
