1 0.65695 0.36295 0.09523 0.16259
1 0.23372 0.29546 0.10175 0.10151
1 0.84724 0.64737 0.12490 0.17263
1 0.78274 0.71124 0.09589 0.13152
1 0.91496 0.84100 0.08936 0.20316
1 0.26982 0.44276 0.09049 0.09887
1 0.13105 0.43855 0.17989 0.20905
1 0.21302 0.23231 0.04240 0.08261
1 0.75692 0.26651 0.06358 0.08795
1 0.51220 0.34782 0.09426 0.08896
1 0.70122 0.42333 0.07647 0.16881
1 0.40257 0.75946 0.15544 0.25258
1 0.70501 0.71963 0.07171 0.11857
1 0.72362 0.55531 0.09446 0.17757
1 0.25193 0.37081 0.07772 0.10430
1 0.03330 0.92903 0.06657 0.13825
1 0.51441 0.40248 0.09648 0.09241
0 0.53031 0.54072 0.08700 0.22103
