1 0.40323 0.75793 0.15772 0.24484
1 0.11064 0.51704 0.17368 0.22926
1 0.25590 0.54257 0.19057 0.30527
1 0.33985 0.23331 0.05381 0.09987
1 0.25850 0.58886 0.18738 0.21433
1 0.27928 0.71286 0.14610 0.13771
1 0.84543 0.65212 0.12306 0.17421
1 0.58066 0.48249 0.12850 0.21249
1 0.44752 0.56461 0.18667 0.17952
1 0.02583 0.80556 0.05167 0.13844
1 0.42715 0.41118 0.18516 0.20023
1 0.58709 0.59824 0.09555 0.07922
1 0.02233 0.77979 0.04465 0.09935
1 0.34062 0.31175 0.05679 0.05819
1 0.14354 0.26824 0.06805 0.11828
1 0.48960 0.29777 0.05279 0.05755
1 0.77947 0.70737 0.08866 0.11883
