1 0.56807 0.30939 0.13452 0.13513
1 0.33633 0.33151 0.05740 0.11571
1 0.90824 0.84800 0.08705 0.20822
1 0.40273 0.29692 0.06142 0.10246
1 0.84670 0.64884 0.12237 0.17396
1 0.62503 0.39529 0.03543 0.06076
1 0.56177 0.42831 0.09346 0.10982
1 0.14151 0.27821 0.07751 0.14454
1 0.55557 0.10304 0.05100 0.03722
1 0.62599 0.44471 0.03273 0.05798
1 0.40274 0.79812 0.15328 0.29221
1 0.62535 0.42193 0.03512 0.10111
1 0.48572 0.31443 0.03592 0.06609
1 0.78570 0.19461 0.03132 0.03679
1 0.78146 0.70780 0.09590 0.12159
1 0.63833 0.20745 0.04903 0.04580
1 0.55460 0.96264 0.14191 0.07352
1 0.37877 0.41672 0.09857 0.16441
