1 0.90799 0.84849 0.08695 0.20846
1 0.56844 0.31148 0.13157 0.13077
1 0.84731 0.64946 0.12460 0.17127
1 0.33594 0.33134 0.05873 0.11461
1 0.40090 0.29697 0.06323 0.09921
1 0.62440 0.39557 0.03587 0.06252
0 0.78839 0.28979 0.03479 0.16609
1 0.62553 0.44504 0.03452 0.05760
1 0.55500 0.10316 0.05284 0.03623
1 0.63905 0.15635 0.04610 0.07390
1 0.56290 0.43591 0.09593 0.09302
1 0.14534 0.27453 0.06848 0.13111
1 0.54563 0.39532 0.05919 0.06427
1 0.18234 0.51839 0.07291 0.12237
1 0.40285 0.78088 0.15508 0.22346
1 0.78260 0.70646 0.09531 0.11833
