1 0.25336 0.36375 0.11411 0.10535
1 0.84219 0.65273 0.11403 0.17467
1 0.14795 0.39722 0.03887 0.07832
1 0.21664 0.43875 0.04799 0.06155
1 0.87627 0.26520 0.02154 0.05942
1 0.23799 0.29087 0.08027 0.08687
1 0.34991 0.54199 0.09039 0.10563
1 0.01751 0.77781 0.03502 0.09718
1 0.39768 0.43920 0.09954 0.10023
1 0.25486 0.28682 0.04592 0.08081
1 0.28690 0.35806 0.04859 0.08991
1 0.40176 0.76866 0.15814 0.22133
1 0.63419 0.61575 0.11439 0.21800
1 0.02754 0.82865 0.04778 0.09218
1 0.70359 0.67941 0.05501 0.11305
1 0.25444 0.61965 0.09959 0.08987
