1 0.40211 0.75830 0.16094 0.24900
1 0.34016 0.23318 0.05444 0.10470
1 0.11196 0.51706 0.17490 0.23205
1 0.27915 0.71093 0.14674 0.13362
1 0.25475 0.52538 0.19070 0.33899
1 0.71523 0.50279 0.13634 0.17378
1 0.84539 0.65073 0.13244 0.17290
1 0.33762 0.32100 0.05351 0.07137
1 0.78512 0.17360 0.04544 0.07082
1 0.44643 0.56161 0.18857 0.18164
1 0.70037 0.38365 0.11545 0.12826
1 0.90762 0.84816 0.08584 0.20793
1 0.26046 0.58951 0.18295 0.20996
1 0.58029 0.49516 0.12744 0.23695
1 0.02204 0.77567 0.04408 0.09879
1 0.42949 0.30118 0.12165 0.06116
1 0.42818 0.41445 0.18919 0.19186
1 0.14697 0.26792 0.06021 0.11919
1 0.87589 0.26299 0.02274 0.06270
1 0.77951 0.70473 0.09082 0.13223
1 0.55130 0.85181 0.14694 0.22435
1 0.58544 0.67399 0.09396 0.12396
