1 0.78248 0.71153 0.09609 0.13123
1 0.33814 0.23421 0.05300 0.10343
1 0.84617 0.64793 0.12157 0.17233
1 0.33334 0.33391 0.05933 0.10929
1 0.47438 0.39213 0.07848 0.08274
1 0.39674 0.79991 0.15420 0.15422
1 0.49652 0.74544 0.04163 0.07323
1 0.02997 0.93000 0.05994 0.13164
1 0.18513 0.50928 0.06565 0.10720
1 0.24327 0.45284 0.05759 0.10632
1 0.75121 0.21342 0.02881 0.05298
1 0.90744 0.84839 0.08332 0.20469
1 0.40655 0.92507 0.14739 0.11407
1 0.57007 0.36651 0.13937 0.22674
1 0.68506 0.40185 0.07160 0.10947
1 0.19042 0.60625 0.09843 0.13160
