1 0.56814 0.31001 0.13306 0.13400
1 0.33590 0.33171 0.05827 0.11455
1 0.90822 0.84765 0.08652 0.20573
1 0.40149 0.29584 0.06285 0.10054
1 0.82544 0.64715 0.07943 0.16883
1 0.84831 0.64826 0.12607 0.17016
1 0.62496 0.39455 0.03541 0.06011
1 0.57174 0.42888 0.11425 0.10817
1 0.63923 0.15686 0.04829 0.07530
1 0.62612 0.44519 0.03215 0.05877
1 0.78274 0.70952 0.09745 0.12192
1 0.55522 0.96278 0.14355 0.07243
1 0.55526 0.10340 0.05099 0.03597
1 0.18286 0.51872 0.07197 0.12256
1 0.41933 0.15666 0.04670 0.08265
1 0.14436 0.27503 0.07050 0.13368
1 0.62523 0.42316 0.03477 0.09786
