1 0.78051 0.71215 0.09423 0.12034
1 0.03026 0.93039 0.06052 0.13330
1 0.53945 0.27108 0.07957 0.11516
1 0.90866 0.84749 0.08109 0.20328
1 0.82725 0.64898 0.07641 0.15962
1 0.54930 0.91952 0.14405 0.11748
1 0.40747 0.92340 0.14489 0.12162
1 0.58051 0.50393 0.12778 0.16685
1 0.82964 0.40017 0.11323 0.08832
1 0.12140 0.69452 0.16173 0.23022
1 0.44497 0.60044 0.19217 0.22738
1 0.70597 0.39375 0.10611 0.12136
1 0.26252 0.74667 0.10695 0.08269
1 0.10909 0.49656 0.18136 0.30122
1 0.42504 0.40500 0.18519 0.22046
1 0.25390 0.51086 0.19655 0.37831
1 0.39313 0.79495 0.16743 0.16961
1 0.33769 0.23377 0.05072 0.10776
1 0.54092 0.36575 0.05986 0.11909
