1 0.91958 0.84192 0.08600 0.20883
1 0.23335 0.29668 0.10164 0.10500
1 0.78203 0.70942 0.09842 0.13546
1 0.78099 0.57521 0.08110 0.15752
1 0.60042 0.46982 0.09463 0.13813
1 0.21411 0.23351 0.04350 0.08176
1 0.14192 0.94425 0.08183 0.11149
1 0.80290 0.32512 0.04936 0.06674
1 0.79701 0.38306 0.06218 0.10142
1 0.23427 0.38022 0.10001 0.11243
1 0.63450 0.61052 0.11021 0.22149
1 0.38945 0.25147 0.06146 0.08560
1 0.59669 0.37607 0.10511 0.09905
1 0.82521 0.63863 0.08869 0.17986
1 0.76624 0.43677 0.06143 0.11108
1 0.51036 0.30644 0.11331 0.10141
1 0.03033 0.92839 0.06067 0.13954
1 0.40073 0.77658 0.15627 0.21452
1 0.36877 0.60839 0.04563 0.07508
