1 0.69991 0.38491 0.11688 0.13777
1 0.34027 0.23328 0.05461 0.10366
1 0.84443 0.64424 0.12998 0.16448
1 0.58016 0.48486 0.12759 0.20311
1 0.25720 0.52611 0.18949 0.33817
1 0.40274 0.76077 0.16154 0.24294
1 0.11218 0.51026 0.17763 0.24479
1 0.28053 0.71244 0.14922 0.13495
1 0.33801 0.31882 0.05646 0.07299
1 0.78379 0.17262 0.04211 0.06909
1 0.44584 0.56411 0.18885 0.18756
1 0.55266 0.85435 0.14831 0.22954
1 0.02146 0.77677 0.04291 0.09712
1 0.81146 0.50934 0.10874 0.15303
1 0.42702 0.41548 0.18854 0.18861
1 0.42906 0.30273 0.12154 0.06121
1 0.34140 0.30661 0.05739 0.06254
1 0.26002 0.58923 0.18512 0.21156
1 0.78152 0.70797 0.10041 0.12220
1 0.90704 0.84787 0.08481 0.20670
0 0.83285 0.29080 0.03573 0.15342
1 0.58506 0.66976 0.09413 0.12730
