1 0.23738 0.29616 0.08066 0.09810
1 0.63370 0.61589 0.11325 0.25530
1 0.84700 0.64910 0.12425 0.17279
1 0.21416 0.43935 0.04425 0.05984
1 0.25398 0.36174 0.11387 0.10443
1 0.90853 0.84299 0.08393 0.21785
1 0.78017 0.70795 0.09452 0.12302
1 0.40213 0.78114 0.15629 0.20228
1 0.28714 0.35665 0.04856 0.09265
1 0.40285 0.43941 0.09559 0.09808
1 0.55513 0.10422 0.04802 0.03290
1 0.14103 0.26965 0.07552 0.12751
1 0.55612 0.96398 0.14478 0.06891
1 0.34857 0.54565 0.09108 0.11078
1 0.70269 0.68331 0.05818 0.12526
1 0.54329 0.46606 0.16051 0.12379
1 0.40701 0.28258 0.04374 0.03877
