1 0.69958 0.38430 0.11633 0.13565
1 0.34045 0.23493 0.05342 0.10040
1 0.71435 0.50177 0.13857 0.17413
1 0.90790 0.84434 0.08517 0.20117
1 0.57926 0.50425 0.12877 0.25721
1 0.44695 0.56719 0.18657 0.18016
1 0.84759 0.64951 0.12658 0.17350
1 0.11300 0.49484 0.17779 0.27581
1 0.40271 0.75861 0.16112 0.25359
1 0.33683 0.31850 0.05319 0.06805
1 0.42770 0.41423 0.18328 0.19013
1 0.55271 0.85265 0.14462 0.22562
1 0.25827 0.58654 0.18646 0.21347
1 0.77921 0.70960 0.09249 0.11460
1 0.28068 0.70908 0.15028 0.12380
1 0.11451 0.66996 0.15196 0.19593
1 0.70996 0.60404 0.12055 0.14232
