1 0.56731 0.31278 0.13412 0.12834
1 0.33319 0.34368 0.05581 0.10106
1 0.82573 0.64499 0.07848 0.16753
1 0.90845 0.84658 0.08646 0.20724
1 0.40056 0.30657 0.06379 0.08536
1 0.75378 0.51948 0.04752 0.09656
1 0.84846 0.64659 0.12440 0.17016
1 0.49163 0.37175 0.04750 0.05726
1 0.40280 0.78172 0.15293 0.20067
1 0.56977 0.42952 0.10762 0.10842
1 0.78325 0.70754 0.09743 0.12253
1 0.62507 0.39534 0.03498 0.05982
1 0.62589 0.44490 0.03292 0.05782
1 0.55492 0.96147 0.14252 0.07235
1 0.13880 0.27989 0.08291 0.14602
1 0.48584 0.31321 0.03513 0.06851
1 0.64380 0.25035 0.02801 0.06070
1 0.24739 0.44841 0.06072 0.06373
0 0.85127 0.24608 0.03826 0.13360
1 0.64027 0.15719 0.04634 0.07156
1 0.55576 0.10195 0.05245 0.03627
1 0.45322 0.35029 0.03556 0.05905
1 0.63473 0.20472 0.05517 0.04089
1 0.37737 0.41269 0.10187 0.15530
