1 0.66052 0.36725 0.09592 0.17168
1 0.91865 0.84336 0.08495 0.21148
1 0.84527 0.64527 0.12851 0.16953
1 0.78211 0.70860 0.09660 0.13039
1 0.80605 0.48330 0.07941 0.12208
1 0.23381 0.29578 0.10191 0.10524
1 0.14196 0.94463 0.08166 0.11073
1 0.21334 0.23283 0.04221 0.08076
1 0.70625 0.71585 0.06943 0.12453
1 0.80443 0.56549 0.09103 0.12498
1 0.23675 0.37834 0.10269 0.11474
1 0.40113 0.77989 0.15607 0.20966
1 0.78838 0.42251 0.10453 0.17022
1 0.03058 0.92938 0.06115 0.13829
1 0.73368 0.54789 0.03832 0.06571
1 0.51818 0.39847 0.07925 0.08960
1 0.62429 0.49677 0.09835 0.18133
