1 0.50186 0.38158 0.06680 0.11448
1 0.11198 0.51846 0.17436 0.22409
1 0.27835 0.71348 0.14553 0.13094
1 0.78506 0.51307 0.05523 0.08083
1 0.90796 0.84375 0.08587 0.19853
1 0.50636 0.51646 0.06703 0.08019
1 0.40187 0.78690 0.15696 0.18413
1 0.39087 0.55008 0.08616 0.20081
1 0.82206 0.64634 0.07933 0.17538
1 0.25826 0.53823 0.19003 0.31610
1 0.87418 0.25785 0.02115 0.05240
1 0.02221 0.77508 0.04431 0.10161
1 0.55612 0.10221 0.04949 0.03369
1 0.59243 0.14779 0.06251 0.07122
1 0.78203 0.71321 0.09456 0.11095
1 0.41270 0.69219 0.12946 0.10846
1 0.62450 0.20092 0.04351 0.03569
1 0.10320 0.54310 0.15514 0.17859
