1 0.82415 0.64915 0.07635 0.17173
1 0.64709 0.45042 0.08630 0.13277
1 0.84798 0.64973 0.12552 0.17382
1 0.21423 0.43774 0.04473 0.05885
1 0.40284 0.78458 0.15381 0.18407
1 0.63437 0.61358 0.11248 0.23565
1 0.23696 0.29899 0.07963 0.10049
1 0.77945 0.71308 0.09248 0.11596
1 0.40019 0.43835 0.09898 0.09919
1 0.28613 0.35932 0.04997 0.09737
1 0.25365 0.28695 0.04699 0.07855
1 0.01675 0.77903 0.03349 0.09249
1 0.91145 0.84115 0.07822 0.21741
1 0.40612 0.28363 0.04497 0.03969
1 0.25325 0.36180 0.11485 0.10384
1 0.65673 0.68298 0.14818 0.12903
1 0.14649 0.39964 0.02651 0.07673
