1 0.56855 0.31364 0.13245 0.13225
1 0.33649 0.33399 0.05970 0.12040
1 0.83262 0.64752 0.09740 0.16947
1 0.40046 0.31721 0.06528 0.10745
1 0.46932 0.37698 0.04425 0.05345
1 0.40268 0.76188 0.15539 0.23912
1 0.90797 0.84874 0.08671 0.20911
1 0.78554 0.19467 0.02977 0.03812
1 0.62408 0.39371 0.03722 0.06524
1 0.55554 0.10168 0.05294 0.03954
1 0.18177 0.52407 0.07380 0.11758
1 0.57800 0.42404 0.12742 0.11479
1 0.87868 0.26609 0.02032 0.06127
1 0.14069 0.27763 0.07720 0.14332
1 0.42032 0.15547 0.04742 0.08420
1 0.48591 0.41766 0.05687 0.07204
1 0.41660 0.51347 0.05621 0.15321
1 0.37309 0.41382 0.10925 0.15773
1 0.24702 0.46295 0.06359 0.09874
