1 0.71888 0.33490 0.05566 0.07742
1 0.90743 0.84195 0.08641 0.19744
1 0.57205 0.47320 0.10377 0.11750
1 0.65378 0.32370 0.05080 0.08319
1 0.56482 0.38649 0.08936 0.10440
1 0.31493 0.62027 0.18136 0.27694
1 0.14685 0.26745 0.06349 0.12897
1 0.64566 0.25614 0.04028 0.07488
1 0.82301 0.64749 0.07847 0.16722
1 0.56374 0.30418 0.04313 0.09253
1 0.40013 0.76863 0.16324 0.22182
1 0.30007 0.46614 0.14574 0.30909
1 0.48856 0.39462 0.06829 0.11985
1 0.61774 0.20135 0.03489 0.03888
1 0.70997 0.24884 0.03562 0.03787
1 0.71065 0.26741 0.04077 0.06902
1 0.69412 0.47733 0.12882 0.16249
