1 0.54986 0.45319 0.07768 0.13158
1 0.66084 0.33963 0.07423 0.10121
1 0.90740 0.84728 0.08520 0.20395
1 0.49272 0.45632 0.04695 0.07406
1 0.56957 0.58790 0.06920 0.15719
1 0.31399 0.60956 0.18087 0.29530
1 0.29946 0.46612 0.14544 0.30981
1 0.14046 0.27241 0.07835 0.13409
1 0.64698 0.56728 0.07307 0.14783
1 0.79972 0.65265 0.12636 0.18800
1 0.64492 0.25984 0.03791 0.07971
1 0.40076 0.77399 0.16096 0.21039
1 0.06532 0.25063 0.05805 0.08289
1 0.71421 0.29767 0.03717 0.06221
1 0.71062 0.24827 0.03516 0.05225
1 0.37672 0.41958 0.02561 0.10361
1 0.53629 0.35833 0.06298 0.08193
1 0.68962 0.40421 0.14259 0.11861
