1 0.14556 0.26745 0.06781 0.12974
1 0.90748 0.84509 0.08595 0.20290
1 0.54991 0.44839 0.07685 0.13742
1 0.31510 0.65585 0.18088 0.20418
1 0.84749 0.64930 0.12908 0.16894
1 0.56943 0.58680 0.07116 0.15375
1 0.39992 0.77824 0.16259 0.20310
1 0.66077 0.34137 0.06904 0.10616
1 0.64578 0.26676 0.04002 0.09437
1 0.29977 0.46632 0.14512 0.31232
1 0.28414 0.67059 0.11914 0.17732
1 0.77952 0.71187 0.09635 0.11239
1 0.40422 0.69463 0.14762 0.10571
1 0.54155 0.14383 0.07114 0.08244
1 0.31486 0.56663 0.18073 0.21207
1 0.71012 0.24712 0.03248 0.03800
1 0.61795 0.20225 0.03352 0.04001
1 0.59454 0.14923 0.05857 0.07317
1 0.69126 0.39487 0.13823 0.14264
1 0.72202 0.29765 0.02111 0.06048
