1 0.59508 0.47987 0.08188 0.16313
1 0.84598 0.62336 0.12447 0.12564
1 0.21257 0.23530 0.06545 0.09148
1 0.63546 0.60983 0.10955 0.15899
1 0.21371 0.30757 0.06420 0.08766
1 0.70344 0.71664 0.05942 0.11745
0 0.04756 0.45227 0.09295 0.26743
1 0.24185 0.38628 0.11750 0.15780
1 0.39119 0.38886 0.11782 0.19939
1 0.40424 0.28282 0.04883 0.04173
1 0.76590 0.70479 0.06889 0.12760
1 0.19567 0.16437 0.03646 0.04144
1 0.68385 0.36416 0.09587 0.07368
1 0.39768 0.24699 0.04727 0.06302
1 0.40015 0.76833 0.15890 0.23151
1 0.22857 0.38790 0.09232 0.13618
1 0.82275 0.62387 0.07569 0.12093
1 0.55373 0.96477 0.14514 0.06555
1 0.68406 0.32051 0.09188 0.08530
1 0.25543 0.61736 0.10506 0.14398
1 0.55459 0.10247 0.04778 0.03418
