1 0.82289 0.65206 0.08173 0.17596
1 0.90902 0.84533 0.08308 0.19829
1 0.19875 0.66795 0.10461 0.15355
1 0.49785 0.74606 0.04160 0.07859
1 0.03120 0.92838 0.06240 0.13188
1 0.21351 0.42215 0.10368 0.15183
1 0.71325 0.63962 0.15997 0.10498
1 0.39873 0.79908 0.15155 0.15613
1 0.76971 0.37856 0.10265 0.11502
1 0.77869 0.71468 0.09270 0.13254
1 0.47722 0.56640 0.06367 0.09256
1 0.12046 0.56056 0.08470 0.17858
1 0.40716 0.92086 0.14576 0.11770
1 0.67044 0.51007 0.09927 0.17214
1 0.22786 0.56139 0.07835 0.14662
1 0.84304 0.65035 0.12045 0.17401
1 0.03973 0.24920 0.07901 0.14149
1 0.30447 0.35934 0.03806 0.06173
