1 0.54992 0.44697 0.07761 0.14148
1 0.82235 0.64598 0.08344 0.16735
1 0.90704 0.84836 0.08572 0.20485
1 0.66078 0.33942 0.07261 0.10434
1 0.30005 0.46377 0.14640 0.31313
1 0.14596 0.26346 0.06611 0.11931
1 0.31370 0.61563 0.18044 0.28207
1 0.57126 0.58670 0.06659 0.15477
1 0.39977 0.78308 0.16263 0.19442
1 0.64733 0.26233 0.04284 0.07919
1 0.68883 0.40347 0.14312 0.11665
1 0.49192 0.45493 0.04818 0.07724
1 0.64721 0.56338 0.07358 0.14013
1 0.55559 0.10355 0.04804 0.03542
1 0.61714 0.20036 0.03032 0.04382
1 0.78242 0.70725 0.09563 0.10941
1 0.40137 0.69691 0.15307 0.11089
1 0.71182 0.29142 0.04225 0.06894
1 0.43164 0.50931 0.06206 0.10166
1 0.53391 0.14427 0.05704 0.07842
