1 0.82277 0.64634 0.08124 0.16540
1 0.55067 0.44581 0.07747 0.13633
1 0.90720 0.84515 0.08644 0.20313
1 0.66056 0.33983 0.07257 0.10291
1 0.14700 0.26683 0.06493 0.13053
1 0.31615 0.62813 0.17973 0.25355
1 0.56989 0.58732 0.06966 0.15619
1 0.40073 0.78491 0.15987 0.19045
1 0.64452 0.26187 0.03862 0.08182
1 0.29898 0.46251 0.14245 0.30816
1 0.40418 0.69460 0.14591 0.10712
1 0.38430 0.41949 0.04004 0.10183
1 0.71028 0.24703 0.03230 0.03839
1 0.69012 0.40287 0.14244 0.11686
1 0.55484 0.10115 0.04899 0.03403
1 0.61673 0.20129 0.03512 0.04186
1 0.54234 0.14400 0.06943 0.07973
