1 0.84103 0.64896 0.11472 0.17281
1 0.56926 0.31389 0.13108 0.13004
1 0.33678 0.33194 0.05934 0.11714
1 0.90751 0.84804 0.08567 0.20768
1 0.40064 0.31278 0.06488 0.09938
1 0.46974 0.37755 0.04593 0.05346
1 0.40325 0.76046 0.15446 0.23523
1 0.14161 0.26579 0.07433 0.12830
1 0.54440 0.39755 0.06178 0.06384
1 0.61560 0.44503 0.05386 0.05980
1 0.87888 0.26885 0.02020 0.06284
1 0.78298 0.71945 0.09596 0.13903
1 0.78573 0.19444 0.03029 0.03696
1 0.55531 0.10178 0.05325 0.03777
1 0.42004 0.15572 0.04676 0.08392
1 0.61813 0.39409 0.04793 0.06424
1 0.54529 0.43133 0.06569 0.09261
1 0.18215 0.53338 0.07373 0.10052
1 0.41622 0.51279 0.05645 0.15221
1 0.61458 0.41990 0.05566 0.11125
1 0.63480 0.20525 0.05508 0.04059
1 0.36331 0.41585 0.13056 0.16466
1 0.48588 0.41683 0.05696 0.06880
