1 0.73498 0.28017 0.09493 0.15293
1 0.78162 0.70940 0.09757 0.12881
1 0.84653 0.64802 0.12569 0.17381
1 0.91420 0.84590 0.08819 0.21589
1 0.72861 0.39701 0.12783 0.18764
1 0.81414 0.41183 0.06170 0.11802
1 0.81849 0.51711 0.06319 0.10810
1 0.40163 0.76267 0.15589 0.25078
1 0.12324 0.44001 0.17212 0.19691
1 0.74500 0.41663 0.09486 0.14410
1 0.03342 0.93046 0.06684 0.13844
1 0.78195 0.19369 0.06240 0.06634
1 0.53532 0.48977 0.17498 0.15002
1 0.91515 0.79927 0.08433 0.12384
1 0.72543 0.51439 0.15908 0.24418
1 0.60982 0.42786 0.07673 0.11608
1 0.74911 0.51345 0.11189 0.24828
