1 0.90730 0.84728 0.08630 0.20558
1 0.78529 0.51275 0.05323 0.08646
1 0.82212 0.64181 0.07889 0.17794
1 0.39061 0.54883 0.08533 0.19886
1 0.27858 0.71501 0.14538 0.13148
1 0.50196 0.38173 0.06776 0.10934
1 0.40157 0.76614 0.15978 0.23215
1 0.25650 0.51802 0.19049 0.34158
0 0.79068 0.33986 0.05454 0.23060
1 0.11549 0.49695 0.17778 0.26687
1 0.14524 0.27121 0.06542 0.13210
1 0.02241 0.77612 0.04480 0.10391
1 0.10249 0.57131 0.14918 0.11999
1 0.78366 0.71094 0.09876 0.11253
0 0.78177 0.34237 0.04324 0.21965
1 0.55317 0.41750 0.04427 0.10736
1 0.11387 0.65355 0.15056 0.16787
0 0.82958 0.30265 0.04067 0.15227
1 0.02453 0.81634 0.04899 0.16772
