1 0.40028 0.43904 0.09434 0.09593
1 0.63497 0.63008 0.11289 0.21071
1 0.25692 0.35783 0.12611 0.11979
1 0.21417 0.43868 0.04344 0.05984
0 0.08806 0.43669 0.04815 0.18022
1 0.23650 0.28901 0.08266 0.09660
1 0.75725 0.21356 0.02649 0.06423
1 0.13405 0.68934 0.06705 0.20041
1 0.02724 0.82172 0.05199 0.10779
1 0.40220 0.78179 0.15475 0.19630
1 0.70390 0.68000 0.05728 0.11922
1 0.01729 0.77569 0.03458 0.09820
1 0.77819 0.24090 0.02766 0.03555
1 0.84774 0.66067 0.12782 0.18118
1 0.14851 0.39949 0.03625 0.07391
1 0.87646 0.26014 0.02081 0.05324
1 0.55480 0.96271 0.14397 0.07345
1 0.34970 0.54290 0.08644 0.09739
1 0.17083 0.45637 0.05072 0.10379
0 0.07105 0.70982 0.14140 0.45700
1 0.55078 0.85997 0.14511 0.23312
