1 0.84606 0.64425 0.12294 0.16686
1 0.33903 0.23941 0.05212 0.10767
1 0.78197 0.70520 0.09542 0.12481
1 0.33422 0.34143 0.05741 0.10559
1 0.39788 0.79947 0.15357 0.14852
1 0.02781 0.80282 0.05562 0.14365
1 0.75280 0.51566 0.04769 0.09719
1 0.46281 0.29078 0.05713 0.08671
1 0.40075 0.31512 0.06375 0.07062
1 0.90729 0.85202 0.08314 0.19988
1 0.40325 0.32748 0.06831 0.09696
1 0.48700 0.37024 0.04292 0.07106
1 0.55121 0.87148 0.14689 0.20480
1 0.57036 0.36497 0.14209 0.23540
1 0.57458 0.40745 0.13423 0.15013
1 0.55498 0.09983 0.05366 0.03783
