1 0.56802 0.31156 0.13218 0.13134
1 0.34981 0.24081 0.06303 0.10430
1 0.33674 0.32293 0.05666 0.08186
1 0.40041 0.29830 0.06462 0.09714
1 0.84747 0.64052 0.12574 0.15708
1 0.57874 0.42597 0.12706 0.11533
1 0.14689 0.39590 0.03115 0.06918
1 0.87875 0.26704 0.01976 0.06596
1 0.44889 0.43133 0.04073 0.07615
1 0.33683 0.36721 0.05665 0.05791
1 0.62496 0.39411 0.03562 0.06249
1 0.78617 0.19390 0.02986 0.03991
1 0.55474 0.10273 0.04991 0.03586
1 0.55277 0.86072 0.14567 0.22615
1 0.55502 0.96321 0.14236 0.07296
1 0.41581 0.15770 0.05539 0.08449
1 0.18176 0.52842 0.07338 0.10583
1 0.14288 0.27155 0.07288 0.12874
1 0.62391 0.23021 0.03949 0.07719
1 0.43238 0.37102 0.01845 0.09551
