1 0.33271 0.34327 0.05597 0.09897
1 0.84839 0.64551 0.12568 0.16868
1 0.56766 0.31058 0.13538 0.13642
1 0.75348 0.51886 0.04852 0.09782
1 0.90773 0.84423 0.08704 0.20217
1 0.40075 0.30826 0.06392 0.08179
1 0.56120 0.42492 0.09204 0.11611
1 0.49130 0.36943 0.04768 0.05531
1 0.62422 0.39659 0.03477 0.06179
1 0.55523 0.10164 0.04995 0.03821
1 0.78388 0.71083 0.09757 0.12433
1 0.62509 0.44447 0.03391 0.05547
1 0.55570 0.96432 0.14338 0.06890
1 0.48792 0.31772 0.03971 0.06986
1 0.14261 0.27286 0.07518 0.14110
1 0.40226 0.77935 0.15482 0.21170
1 0.41527 0.15419 0.05355 0.07851
