1 0.21482 0.43897 0.04620 0.05954
1 0.25507 0.36187 0.11493 0.10491
1 0.23776 0.29517 0.08058 0.09855
1 0.82355 0.64826 0.07820 0.16752
1 0.28769 0.35657 0.05018 0.09165
1 0.63405 0.61508 0.11259 0.25321
1 0.40196 0.78197 0.15617 0.19414
1 0.14806 0.39847 0.03936 0.07930
1 0.84767 0.64863 0.12556 0.16931
1 0.25250 0.29313 0.05320 0.09522
1 0.90908 0.84307 0.08176 0.22031
1 0.78047 0.71230 0.09389 0.11715
1 0.55498 0.10424 0.04876 0.03481
1 0.70197 0.67832 0.05836 0.11359
1 0.40707 0.28254 0.04389 0.03954
1 0.77686 0.55711 0.10268 0.15697
