1 0.11097 0.52044 0.17115 0.22079
1 0.50234 0.48454 0.07477 0.12196
1 0.27782 0.71317 0.14401 0.13065
1 0.78539 0.51298 0.05542 0.08155
1 0.47713 0.38509 0.04832 0.06876
1 0.82246 0.64404 0.07886 0.17639
1 0.90794 0.84624 0.08606 0.20615
1 0.14672 0.26686 0.06320 0.11819
1 0.25793 0.53509 0.19075 0.32197
1 0.40279 0.76204 0.15649 0.24689
1 0.02969 0.80438 0.05916 0.13972
1 0.87437 0.25761 0.02298 0.05461
1 0.55551 0.10140 0.05007 0.03714
1 0.26202 0.60007 0.18259 0.19410
1 0.75463 0.65544 0.06860 0.10462
1 0.62425 0.20252 0.04541 0.03969
1 0.59276 0.14712 0.05583 0.06873
1 0.27412 0.36129 0.13662 0.06724
