1 0.82298 0.64657 0.08113 0.16555
1 0.66150 0.33674 0.07229 0.10036
1 0.55034 0.44768 0.07667 0.14620
1 0.14436 0.26569 0.07051 0.12539
1 0.90741 0.83628 0.08503 0.18412
1 0.40085 0.76808 0.16205 0.22238
1 0.31414 0.61451 0.17948 0.28598
1 0.64717 0.56251 0.07240 0.13770
1 0.88201 0.65620 0.06331 0.10179
1 0.30035 0.46489 0.14497 0.31304
1 0.68879 0.40344 0.14368 0.12048
1 0.64470 0.26059 0.03835 0.08319
0 0.84435 0.36597 0.04078 0.19631
1 0.31353 0.65939 0.17765 0.19919
1 0.61734 0.20021 0.03567 0.04017
1 0.78098 0.70994 0.09442 0.11934
