1 0.33604 0.33121 0.05976 0.11695
1 0.56754 0.31056 0.13494 0.13591
1 0.90814 0.84861 0.08760 0.20707
1 0.84777 0.64754 0.12474 0.17190
1 0.40126 0.29706 0.06390 0.10187
1 0.41985 0.15689 0.04766 0.08118
1 0.49068 0.36848 0.05052 0.06715
1 0.14299 0.27655 0.07601 0.14490
1 0.57502 0.42662 0.12008 0.11728
1 0.55557 0.10304 0.05222 0.03684
1 0.48532 0.31329 0.03674 0.06917
1 0.40448 0.79674 0.15392 0.28481
1 0.24671 0.44896 0.06034 0.06773
1 0.55489 0.96544 0.14441 0.06778
1 0.78560 0.19448 0.03055 0.03653
1 0.78263 0.70685 0.09605 0.11658
1 0.64085 0.15688 0.04294 0.07116
1 0.75946 0.20878 0.02489 0.05285
1 0.62309 0.42015 0.03985 0.10924
1 0.87927 0.26902 0.01907 0.06603
1 0.63639 0.20648 0.05267 0.04281
