1 0.40260 0.75855 0.15883 0.24868
1 0.33982 0.23329 0.05323 0.09443
1 0.25679 0.57317 0.18786 0.24463
1 0.11069 0.51672 0.17448 0.24046
1 0.02643 0.80366 0.05280 0.14057
1 0.57986 0.48945 0.12833 0.23345
1 0.84743 0.64933 0.12696 0.17366
1 0.13950 0.27481 0.07774 0.13727
1 0.26610 0.70986 0.12041 0.12994
1 0.04986 0.24983 0.09939 0.16178
1 0.34159 0.30965 0.05954 0.07047
1 0.42618 0.41339 0.18733 0.19494
1 0.44689 0.56032 0.18939 0.18396
1 0.55296 0.85200 0.14478 0.22976
1 0.24069 0.84658 0.19125 0.22664
1 0.87514 0.26224 0.02199 0.05774
