1 0.49620 0.29300 0.09672 0.13497
1 0.82713 0.64795 0.08125 0.17520
1 0.03045 0.92869 0.06088 0.13451
1 0.65466 0.29986 0.06147 0.06526
1 0.89408 0.83968 0.11600 0.21577
1 0.40739 0.57105 0.06227 0.14879
1 0.32637 0.52970 0.07965 0.15777
1 0.77961 0.71564 0.09617 0.14654
1 0.69433 0.27908 0.03152 0.09464
1 0.84903 0.64792 0.12611 0.17214
1 0.49596 0.74645 0.03955 0.07271
1 0.39622 0.79955 0.15784 0.15395
1 0.32652 0.55442 0.07938 0.10992
1 0.32262 0.48133 0.06942 0.07605
1 0.56678 0.53993 0.04604 0.05745
1 0.67465 0.20126 0.04088 0.06326
