1 0.90795 0.84259 0.08609 0.19839
1 0.78570 0.51239 0.05401 0.08364
1 0.39119 0.54964 0.08748 0.20046
1 0.50044 0.38938 0.06746 0.12678
1 0.11509 0.49763 0.17813 0.26471
1 0.40141 0.79558 0.15814 0.17186
1 0.55221 0.41658 0.04625 0.10928
1 0.82831 0.64204 0.09293 0.17677
1 0.41222 0.69305 0.13175 0.10552
1 0.14591 0.27308 0.06494 0.12960
1 0.78263 0.71177 0.09518 0.11315
1 0.25818 0.52602 0.19024 0.33455
1 0.11396 0.65126 0.14980 0.16293
1 0.55632 0.10372 0.05047 0.03667
1 0.27901 0.70607 0.14689 0.11231
1 0.50802 0.51409 0.06406 0.09143
1 0.02563 0.81099 0.05126 0.15036
1 0.02264 0.77845 0.04528 0.10287
1 0.26110 0.74515 0.10178 0.07069
