1 0.28774 0.35533 0.05086 0.09145
1 0.83743 0.64882 0.10487 0.16869
1 0.15719 0.39656 0.05648 0.07957
1 0.40343 0.78644 0.15498 0.18325
1 0.40194 0.43923 0.09517 0.09923
1 0.77962 0.71365 0.09110 0.11466
1 0.91151 0.84107 0.07874 0.21846
1 0.21548 0.43831 0.04734 0.06004
1 0.23796 0.29807 0.07937 0.10110
1 0.63385 0.62340 0.11361 0.22451
1 0.01669 0.77689 0.03337 0.09784
1 0.05661 0.21159 0.11297 0.22076
1 0.25468 0.28589 0.04604 0.08126
1 0.40662 0.28349 0.04381 0.04143
1 0.35011 0.54309 0.08834 0.10085
1 0.14745 0.26864 0.06141 0.11693
