1 0.69939 0.38700 0.11579 0.13793
1 0.33991 0.23181 0.05443 0.09989
1 0.84472 0.64441 0.13099 0.16670
1 0.40289 0.76091 0.16111 0.24867
1 0.27976 0.71304 0.15029 0.13650
1 0.11269 0.50774 0.17764 0.24986
1 0.58160 0.48815 0.12466 0.19923
1 0.78263 0.17067 0.04470 0.06633
1 0.33632 0.32194 0.05458 0.07636
1 0.90690 0.84755 0.08502 0.20571
1 0.44608 0.56482 0.18876 0.18915
1 0.55213 0.85192 0.14708 0.22888
1 0.25793 0.53028 0.18714 0.33014
1 0.81408 0.51106 0.10331 0.13939
1 0.14475 0.26791 0.06400 0.12118
1 0.42740 0.41477 0.18800 0.18924
1 0.02213 0.77539 0.04426 0.10017
1 0.42955 0.30010 0.12013 0.06129
1 0.58513 0.67546 0.09374 0.12384
1 0.34141 0.29939 0.05776 0.06519
1 0.87537 0.26172 0.02318 0.06451
