1 0.90893 0.84721 0.08182 0.20463
1 0.33623 0.33744 0.06652 0.11410
1 0.33947 0.23287 0.05398 0.10745
1 0.40273 0.32775 0.06890 0.12263
1 0.03113 0.92992 0.06226 0.13483
1 0.84684 0.64030 0.12499 0.18417
1 0.39826 0.79415 0.15290 0.16193
1 0.24841 0.48541 0.07016 0.14403
1 0.28239 0.68819 0.09493 0.19823
1 0.33385 0.44142 0.07049 0.11797
1 0.39571 0.43677 0.07590 0.11625
1 0.78096 0.71438 0.09742 0.14310
1 0.36768 0.43684 0.13197 0.11672
1 0.66050 0.53060 0.14211 0.12189
1 0.55039 0.91247 0.14582 0.12525
1 0.38027 0.53318 0.14894 0.11510
