1 0.40281 0.75885 0.15786 0.23704
1 0.33978 0.23249 0.05395 0.09739
1 0.11062 0.51799 0.17435 0.22431
1 0.25597 0.54056 0.18968 0.31086
1 0.28032 0.71211 0.14733 0.13385
1 0.58130 0.47882 0.12803 0.18623
1 0.25835 0.59018 0.18655 0.21367
1 0.44756 0.56373 0.18643 0.17915
1 0.58761 0.59894 0.09774 0.08262
1 0.82551 0.64848 0.08305 0.16768
1 0.90774 0.84836 0.08690 0.20569
1 0.49048 0.29778 0.05036 0.05858
1 0.69704 0.49943 0.09877 0.07443
1 0.58544 0.66976 0.09254 0.11000
1 0.34241 0.30981 0.05687 0.07093
1 0.84404 0.64994 0.11952 0.17103
1 0.78200 0.70653 0.09395 0.11596
1 0.02167 0.77746 0.04332 0.09853
1 0.58412 0.72812 0.08593 0.07282
1 0.02605 0.80558 0.05210 0.14026
1 0.58515 0.69269 0.08885 0.07287
1 0.42915 0.41526 0.18778 0.19356
1 0.67414 0.54682 0.06548 0.10168
