1 0.33341 0.34471 0.05677 0.10067
1 0.90845 0.84413 0.08723 0.20088
1 0.56727 0.31046 0.13647 0.13585
1 0.82614 0.64568 0.08117 0.16796
1 0.75360 0.51988 0.04813 0.10240
1 0.40058 0.30851 0.06371 0.08125
1 0.56188 0.42520 0.09197 0.11860
1 0.84554 0.64685 0.11938 0.16857
1 0.14616 0.27438 0.06658 0.13816
1 0.40211 0.78550 0.15527 0.19984
1 0.62604 0.44454 0.03293 0.05587
1 0.55470 0.10214 0.04836 0.03681
1 0.49133 0.36885 0.04735 0.05410
1 0.78475 0.71287 0.09978 0.13282
1 0.62447 0.39625 0.03427 0.06203
1 0.48893 0.31776 0.04191 0.07128
0 0.98633 0.33958 0.02573 0.10463
1 0.62498 0.43268 0.03497 0.07934
1 0.47541 0.42687 0.07972 0.10247
1 0.02680 0.79795 0.05223 0.15986
