1 0.64798 0.44890 0.08023 0.13001
1 0.58898 0.47052 0.06273 0.09447
1 0.28645 0.35793 0.05090 0.09587
1 0.23590 0.29625 0.07967 0.09497
0 0.04512 0.45914 0.08933 0.24391
1 0.63339 0.59259 0.11530 0.19781
1 0.39500 0.43664 0.11110 0.10369
1 0.84914 0.64556 0.12520 0.16676
1 0.23068 0.37032 0.07069 0.09684
0 0.07031 0.65755 0.13995 0.59611
1 0.40021 0.78544 0.15849 0.19217
1 0.91000 0.83629 0.08569 0.21505
1 0.21907 0.43679 0.05286 0.05657
1 0.40335 0.28366 0.04961 0.04603
1 0.01649 0.78079 0.03298 0.08856
1 0.34931 0.58210 0.08897 0.15936
1 0.77750 0.70722 0.09802 0.13142
1 0.30790 0.45957 0.07590 0.12084
