1 0.54975 0.44566 0.07784 0.13688
1 0.66045 0.33904 0.07237 0.09972
1 0.12309 0.41063 0.03944 0.09373
1 0.82384 0.64705 0.08714 0.16682
1 0.49288 0.45604 0.04784 0.07465
1 0.29943 0.46578 0.14161 0.31421
1 0.40135 0.78535 0.15874 0.18801
1 0.56913 0.58655 0.07197 0.15571
1 0.31498 0.61382 0.18148 0.28449
1 0.14638 0.26771 0.06353 0.12547
1 0.64671 0.26212 0.04071 0.07890
1 0.84675 0.64583 0.13347 0.16599
1 0.64742 0.56184 0.07345 0.13584
1 0.68902 0.40433 0.14308 0.11424
1 0.78205 0.70947 0.09568 0.11238
1 0.31443 0.56728 0.17960 0.20687
1 0.43147 0.51030 0.06206 0.10332
1 0.02724 0.79866 0.05418 0.15466
1 0.30079 0.65108 0.15238 0.20727
1 0.71065 0.24698 0.03201 0.03853
1 0.61659 0.20037 0.03541 0.03951
1 0.90778 0.84234 0.08672 0.19966
1 0.71416 0.29252 0.03821 0.06715
1 0.40237 0.69597 0.15029 0.10963
