1 0.82443 0.64797 0.08211 0.17369
1 0.61824 0.28215 0.07544 0.12264
1 0.19746 0.66680 0.06341 0.09168
1 0.39713 0.44051 0.10131 0.09111
1 0.32311 0.49234 0.07356 0.11368
1 0.01770 0.77261 0.03523 0.10395
1 0.66143 0.61792 0.07191 0.11175
1 0.03112 0.92926 0.06203 0.13455
1 0.32391 0.52344 0.07517 0.17394
1 0.36488 0.29319 0.11351 0.11595
1 0.41381 0.94098 0.13895 0.10391
1 0.55070 0.91451 0.14823 0.12419
1 0.55533 0.96745 0.14133 0.06113
1 0.05905 0.19192 0.11808 0.16899
1 0.78276 0.72051 0.09857 0.13362
