1 0.55437 0.36380 0.09480 0.10385
1 0.91032 0.85015 0.08401 0.20873
1 0.33946 0.23379 0.05399 0.10494
1 0.33598 0.31511 0.06400 0.07905
1 0.84742 0.65086 0.12569 0.17609
1 0.03105 0.92935 0.06210 0.13299
1 0.24690 0.48562 0.06535 0.14138
1 0.55271 0.47390 0.15518 0.14931
1 0.40083 0.31988 0.06643 0.09658
1 0.68571 0.50098 0.04837 0.06212
1 0.33559 0.36124 0.05754 0.05757
1 0.55096 0.91771 0.14718 0.11965
1 0.77945 0.71672 0.09154 0.13354
1 0.39342 0.78255 0.16362 0.18854
1 0.40232 0.33723 0.07005 0.12333
1 0.18164 0.51684 0.07265 0.13675
