1 0.84872 0.64521 0.12606 0.16656
1 0.75294 0.51692 0.04754 0.09951
1 0.56756 0.31065 0.13404 0.13543
1 0.34035 0.23855 0.05364 0.11062
1 0.33444 0.34070 0.05589 0.10132
1 0.90786 0.84519 0.08564 0.20593
1 0.78327 0.70698 0.09706 0.12570
1 0.39927 0.31309 0.06038 0.06870
1 0.41469 0.15310 0.05276 0.08184
0 0.06945 0.51385 0.05966 0.23153
1 0.57870 0.42547 0.12835 0.11518
1 0.48686 0.37195 0.04128 0.05510
1 0.46281 0.28457 0.05357 0.08752
1 0.55438 0.96210 0.14295 0.07365
1 0.47351 0.42784 0.07734 0.10557
1 0.14094 0.28261 0.08120 0.15281
1 0.05032 0.25490 0.09984 0.14669
1 0.40269 0.77714 0.15418 0.26646
1 0.55654 0.10140 0.05240 0.03922
1 0.63880 0.15687 0.04759 0.07746
