1 0.69117 0.49380 0.14205 0.26624
1 0.80271 0.48295 0.13288 0.30206
1 0.90876 0.84685 0.08302 0.19927
1 0.52181 0.53636 0.14154 0.32789
1 0.78274 0.70745 0.09656 0.13062
1 0.03100 0.92898 0.06200 0.13258
1 0.84597 0.64723 0.12304 0.17314
1 0.14123 0.28101 0.08456 0.15717
1 0.30882 0.44663 0.13854 0.29143
1 0.60730 0.54189 0.03946 0.15548
1 0.49859 0.35562 0.07866 0.07221
1 0.49708 0.74616 0.04248 0.07410
1 0.42295 0.50371 0.05518 0.11122
1 0.39384 0.79862 0.16422 0.15572
1 0.54771 0.68972 0.12687 0.16127
1 0.68489 0.62249 0.13372 0.14112
1 0.43558 0.59242 0.06004 0.10755
1 0.68296 0.70184 0.11817 0.09881
1 0.59163 0.40169 0.09584 0.13647
