1 0.78186 0.57675 0.08227 0.15749
1 0.91745 0.84369 0.08429 0.20888
1 0.78219 0.71071 0.10079 0.13363
1 0.20862 0.30282 0.05219 0.08370
1 0.59987 0.46945 0.09585 0.13976
1 0.21264 0.23263 0.04160 0.08289
1 0.14202 0.94528 0.07998 0.10904
1 0.63409 0.61356 0.11087 0.22155
1 0.59943 0.38384 0.10462 0.08402
1 0.23440 0.38003 0.09685 0.11188
1 0.50869 0.34501 0.07613 0.11343
0 0.51235 0.52051 0.12632 0.23816
1 0.84609 0.64121 0.12818 0.17838
1 0.78288 0.22292 0.06393 0.12236
1 0.03045 0.92942 0.06090 0.13568
1 0.40088 0.76082 0.15147 0.25287
1 0.66169 0.35697 0.05803 0.07384
1 0.55513 0.10184 0.04860 0.03223
1 0.71060 0.37930 0.04239 0.04660
1 0.80357 0.38472 0.07654 0.10303
