1 0.90712 0.84704 0.08704 0.20688
1 0.34037 0.23189 0.05360 0.09623
1 0.57960 0.49108 0.12827 0.22190
1 0.84379 0.64871 0.12100 0.16982
1 0.11120 0.49617 0.17632 0.26805
1 0.40266 0.75912 0.16232 0.24531
1 0.25777 0.59000 0.18760 0.21356
1 0.28091 0.71298 0.15017 0.13386
1 0.47490 0.29746 0.07545 0.05793
1 0.44722 0.56624 0.18680 0.17829
1 0.33714 0.32032 0.05475 0.07782
1 0.25566 0.52074 0.18961 0.34947
1 0.67311 0.54686 0.06853 0.10941
1 0.58557 0.66754 0.09276 0.11732
1 0.02176 0.77485 0.04352 0.10485
1 0.55218 0.85612 0.14573 0.22650
1 0.42804 0.41409 0.18688 0.19029
1 0.78043 0.71064 0.09183 0.11828
1 0.70715 0.49648 0.07671 0.07544
1 0.48755 0.29766 0.05032 0.05711
1 0.55692 0.10279 0.05097 0.03591
1 0.69341 0.49878 0.10542 0.07756
1 0.20178 0.16192 0.02880 0.03813
1 0.58744 0.59716 0.09814 0.08174
