1 0.40345 0.75853 0.15748 0.24631
1 0.25627 0.58350 0.18941 0.22493
1 0.33968 0.23528 0.05316 0.09807
1 0.11062 0.51438 0.17482 0.23818
0 0.87626 0.32029 0.03232 0.14980
1 0.14254 0.27016 0.07226 0.12740
1 0.02912 0.80377 0.05787 0.14637
1 0.05013 0.25133 0.09978 0.15559
1 0.25517 0.52703 0.19040 0.33721
1 0.33730 0.32134 0.05967 0.07252
1 0.27318 0.71171 0.13483 0.13204
1 0.42732 0.41118 0.18663 0.19948
1 0.44520 0.56130 0.19077 0.19065
1 0.34033 0.31201 0.05957 0.06460
1 0.02539 0.78931 0.04938 0.12848
1 0.02256 0.77521 0.04513 0.10161
1 0.83441 0.65345 0.09983 0.17809
1 0.90499 0.84824 0.08976 0.20895
