1 0.90914 0.84776 0.08287 0.20317
1 0.47642 0.39674 0.07482 0.09162
1 0.82431 0.65031 0.07731 0.17849
1 0.77992 0.71080 0.09016 0.13007
1 0.33398 0.33613 0.05795 0.10566
1 0.02963 0.93172 0.05926 0.13386
1 0.50598 0.48032 0.06125 0.13854
1 0.55035 0.91730 0.14335 0.12098
1 0.40635 0.92920 0.14683 0.10458
1 0.83681 0.40301 0.07783 0.10768
1 0.18255 0.52076 0.06957 0.11724
1 0.75229 0.24078 0.02978 0.08033
0 0.69006 0.39171 0.07874 0.26672
1 0.39472 0.79928 0.15508 0.16246
1 0.75218 0.41403 0.07012 0.07422
