1 0.82320 0.65013 0.07541 0.17226
1 0.64691 0.44945 0.08605 0.13153
1 0.39928 0.43937 0.09657 0.09895
1 0.25222 0.36192 0.11631 0.10546
1 0.23566 0.29600 0.08004 0.09427
1 0.14342 0.26319 0.07059 0.11079
1 0.63473 0.61309 0.11370 0.23479
1 0.21441 0.43753 0.04458 0.05816
1 0.01750 0.77861 0.03500 0.09371
1 0.35017 0.54406 0.08893 0.10220
1 0.78085 0.71375 0.09078 0.11441
1 0.40315 0.77975 0.15547 0.19060
1 0.91298 0.84202 0.07578 0.21501
1 0.25221 0.28953 0.04724 0.08196
1 0.02757 0.83429 0.04846 0.08454
1 0.40746 0.28330 0.04328 0.04023
1 0.27749 0.35981 0.06682 0.09828
