1 0.69923 0.38649 0.11795 0.13741
1 0.33909 0.23453 0.05333 0.09914
1 0.90669 0.84728 0.08580 0.20386
1 0.81446 0.50740 0.09838 0.14510
1 0.77874 0.70623 0.09130 0.12580
1 0.84293 0.64609 0.13211 0.16822
1 0.40240 0.76235 0.16151 0.24379
1 0.11199 0.49841 0.17878 0.26536
1 0.44601 0.57107 0.18684 0.19058
1 0.78301 0.16908 0.04188 0.06255
1 0.38604 0.24063 0.04412 0.06442
1 0.71332 0.50270 0.13740 0.17223
1 0.58011 0.49035 0.12572 0.22027
1 0.26254 0.61119 0.18019 0.16958
1 0.42918 0.41421 0.18850 0.19408
1 0.33442 0.32334 0.05623 0.07300
1 0.25815 0.54224 0.18579 0.30627
1 0.33692 0.30305 0.05494 0.05552
1 0.14161 0.26905 0.07134 0.11998
1 0.55546 0.10071 0.04889 0.03430
