1 0.84811 0.64567 0.12577 0.17114
1 0.64743 0.44991 0.08115 0.13145
1 0.23784 0.29626 0.08361 0.09728
1 0.58924 0.47741 0.06564 0.09744
1 0.28399 0.36158 0.05293 0.10145
1 0.90961 0.83774 0.08490 0.20979
0 0.04823 0.45932 0.09592 0.26175
1 0.39537 0.43776 0.11053 0.10407
1 0.23137 0.37051 0.07496 0.09515
0 0.06878 0.67832 0.13710 0.57281
1 0.77992 0.70690 0.09436 0.12380
1 0.25196 0.36508 0.11519 0.10370
1 0.40096 0.79528 0.15715 0.17640
1 0.83232 0.35538 0.05966 0.10620
1 0.40397 0.28381 0.04895 0.04466
1 0.72371 0.54237 0.08127 0.09667
1 0.39349 0.24404 0.05188 0.07396
1 0.63449 0.60826 0.10971 0.16641
1 0.21600 0.43826 0.04790 0.06023
1 0.08749 0.50101 0.02489 0.08569
1 0.22579 0.43746 0.06733 0.06288
1 0.31935 0.45856 0.06237 0.12303
1 0.01622 0.77646 0.03244 0.09658
