1 0.66041 0.36686 0.09564 0.17599
1 0.91560 0.83289 0.08933 0.19228
1 0.78158 0.70966 0.09483 0.13191
1 0.23368 0.29665 0.10138 0.10486
1 0.21371 0.23308 0.04303 0.08185
1 0.80683 0.48118 0.07710 0.12470
1 0.70643 0.71555 0.06670 0.12434
1 0.84329 0.64675 0.12474 0.16977
1 0.14211 0.94512 0.07866 0.10951
1 0.23428 0.37938 0.10008 0.11009
1 0.80597 0.55314 0.08667 0.09374
1 0.40107 0.78112 0.15612 0.21282
1 0.62428 0.49768 0.09970 0.18138
1 0.72746 0.43459 0.04479 0.07990
1 0.73385 0.55808 0.04123 0.08705
1 0.57829 0.36933 0.07420 0.07741
1 0.38911 0.25195 0.06165 0.08961
