1 0.82290 0.64935 0.07884 0.17321
1 0.23744 0.29705 0.07953 0.10184
1 0.63414 0.61578 0.11253 0.25335
1 0.21467 0.43812 0.04546 0.06054
1 0.40195 0.77487 0.15639 0.20749
1 0.14807 0.39695 0.03881 0.07758
1 0.91099 0.84000 0.07769 0.21765
1 0.77960 0.71090 0.09009 0.12123
1 0.25362 0.36051 0.11526 0.10345
1 0.28736 0.35464 0.04806 0.09031
1 0.24732 0.29098 0.06101 0.09161
1 0.77596 0.56066 0.10514 0.15999
1 0.55481 0.10349 0.04892 0.03466
1 0.01696 0.77911 0.03392 0.09408
1 0.25450 0.28602 0.04843 0.08487
1 0.02777 0.83622 0.04681 0.08345
1 0.40873 0.28330 0.04097 0.04298
