1 0.90822 0.84390 0.08679 0.20207
1 0.31453 0.62775 0.18053 0.25721
1 0.56916 0.47669 0.11124 0.12441
1 0.40159 0.76459 0.15912 0.24020
1 0.14545 0.27016 0.06814 0.13161
1 0.83346 0.64807 0.09845 0.16709
1 0.57106 0.58860 0.07110 0.15343
1 0.30041 0.46468 0.14589 0.31390
1 0.71345 0.29529 0.03948 0.07178
1 0.49289 0.45829 0.05631 0.07675
1 0.67434 0.15717 0.04221 0.06894
1 0.67631 0.21101 0.04032 0.05642
1 0.65487 0.29315 0.04996 0.08249
1 0.53908 0.38387 0.14616 0.10187
1 0.71023 0.24523 0.03163 0.03609
1 0.64518 0.25574 0.03853 0.07270
1 0.64713 0.58809 0.07399 0.11622
1 0.77771 0.71629 0.09378 0.11388
