1 0.78554 0.51357 0.05513 0.08896
1 0.54209 0.37027 0.06889 0.09274
1 0.10280 0.51933 0.16030 0.21788
1 0.38878 0.54897 0.08332 0.19831
1 0.50128 0.48373 0.07338 0.12592
1 0.47814 0.38511 0.05018 0.06545
1 0.90747 0.84845 0.08519 0.20679
1 0.27723 0.71624 0.14289 0.13191
1 0.82139 0.64295 0.08009 0.18300
1 0.55552 0.10220 0.04910 0.03384
1 0.40340 0.78337 0.15446 0.19097
1 0.25866 0.56181 0.18900 0.26978
1 0.75303 0.66174 0.07142 0.12449
1 0.78155 0.71388 0.09368 0.10842
1 0.02846 0.80814 0.05692 0.13929
1 0.25551 0.50730 0.19378 0.29574
1 0.87341 0.25964 0.02158 0.05526
1 0.62477 0.20275 0.04274 0.03918
1 0.84229 0.64403 0.12141 0.18315
