1 0.84723 0.65046 0.13038 0.17210
1 0.55006 0.45146 0.07702 0.12942
1 0.14534 0.26231 0.06816 0.11637
1 0.29849 0.41569 0.14126 0.21209
1 0.90721 0.84452 0.08553 0.20019
1 0.66084 0.33829 0.07256 0.09815
1 0.40185 0.76178 0.15872 0.24365
1 0.68957 0.40296 0.14201 0.12044
1 0.64540 0.25632 0.03817 0.07438
1 0.78085 0.38617 0.04820 0.05864
1 0.71380 0.29381 0.03812 0.06966
1 0.87609 0.25884 0.02571 0.04991
1 0.64742 0.56305 0.07237 0.13972
1 0.37623 0.41162 0.02502 0.08750
1 0.56920 0.58695 0.07167 0.15503
1 0.49235 0.45690 0.04692 0.07516
1 0.77786 0.71078 0.09040 0.11654
