1 0.40364 0.75827 0.15842 0.24685
1 0.34010 0.23363 0.05331 0.09527
1 0.25611 0.55592 0.18950 0.27935
1 0.11081 0.51512 0.17496 0.24125
1 0.02817 0.80419 0.05600 0.14075
1 0.14014 0.27250 0.07775 0.13440
1 0.82198 0.65492 0.07477 0.17636
1 0.42712 0.41004 0.18614 0.20404
1 0.02244 0.77607 0.04486 0.09703
1 0.24109 0.84801 0.19111 0.22615
1 0.05042 0.25056 0.10005 0.15875
1 0.44755 0.56356 0.18689 0.18808
1 0.27281 0.71047 0.13338 0.12998
1 0.55240 0.85441 0.14571 0.23829
1 0.87490 0.26107 0.02199 0.05201
1 0.33853 0.31647 0.05948 0.06842
1 0.84339 0.65372 0.11789 0.17762
