1 0.84593 0.64770 0.11887 0.16745
1 0.78176 0.70726 0.09711 0.13974
1 0.03028 0.92874 0.06055 0.13520
1 0.32653 0.55310 0.08145 0.11283
1 0.68640 0.33588 0.11064 0.10377
1 0.69003 0.25048 0.03449 0.04298
1 0.67475 0.30548 0.10392 0.08466
1 0.39044 0.79903 0.16935 0.15629
1 0.70400 0.40777 0.08682 0.07785
1 0.91155 0.83964 0.08960 0.21462
1 0.55071 0.91724 0.14631 0.12061
1 0.49582 0.74512 0.04028 0.07139
1 0.68564 0.39677 0.12358 0.09996
1 0.55610 0.10257 0.04866 0.03199
1 0.65747 0.64442 0.07042 0.13299
