1 0.68982 0.46363 0.11081 0.14708
1 0.12542 0.54867 0.09345 0.16776
1 0.90697 0.84629 0.08430 0.20568
1 0.71237 0.30501 0.03935 0.05580
0 0.55912 0.32733 0.04097 0.20573
1 0.78303 0.70947 0.08793 0.11599
1 0.65412 0.30819 0.04874 0.06437
1 0.80835 0.56408 0.12617 0.15319
1 0.53993 0.51569 0.11799 0.17038
1 0.40246 0.79308 0.15303 0.16634
1 0.88089 0.65807 0.06257 0.10489
1 0.16621 0.39850 0.06265 0.11311
1 0.65261 0.25409 0.05080 0.06712
1 0.82133 0.65155 0.08536 0.17031
1 0.51084 0.40442 0.05757 0.07892
1 0.14668 0.26925 0.06395 0.13037
1 0.68316 0.20387 0.02874 0.04010
1 0.61000 0.50238 0.03888 0.10518
1 0.55273 0.96408 0.13928 0.06615
1 0.84502 0.65500 0.13284 0.16490
1 0.53971 0.48366 0.11790 0.11127
