1 0.82301 0.64876 0.07928 0.17192
1 0.14384 0.26275 0.07085 0.12252
1 0.54970 0.44669 0.07640 0.14068
1 0.66200 0.33823 0.07379 0.09907
1 0.31429 0.60861 0.18262 0.29780
1 0.29976 0.46583 0.14671 0.30995
1 0.40113 0.77386 0.16065 0.21168
1 0.64747 0.56372 0.07268 0.14076
1 0.68967 0.40387 0.14094 0.11992
1 0.64915 0.25732 0.04426 0.07859
1 0.90778 0.84488 0.08415 0.20189
1 0.77828 0.71016 0.08942 0.11575
1 0.57075 0.58804 0.06835 0.15614
1 0.87565 0.26392 0.02303 0.06899
1 0.04940 0.25156 0.09875 0.13872
1 0.49040 0.45794 0.05144 0.07857
1 0.71877 0.29621 0.02843 0.06208
1 0.70790 0.18738 0.02129 0.04628
1 0.38573 0.42260 0.04038 0.09859
1 0.61710 0.20231 0.03457 0.03960
