1 0.84559 0.64505 0.11724 0.17129
1 0.78211 0.70699 0.09723 0.14312
1 0.68698 0.33499 0.10992 0.10448
1 0.03001 0.92916 0.06002 0.13340
1 0.32732 0.55051 0.08169 0.11171
1 0.64089 0.43849 0.10496 0.14443
1 0.91147 0.83974 0.08922 0.21417
1 0.79096 0.34342 0.06281 0.10284
1 0.68341 0.35478 0.11979 0.14778
1 0.55022 0.91423 0.14449 0.12353
1 0.39269 0.79318 0.16617 0.16985
1 0.32196 0.47968 0.06927 0.08495
1 0.49605 0.74640 0.04018 0.07309
1 0.76181 0.36775 0.04279 0.05650
1 0.67337 0.30033 0.10261 0.07673
0 0.59918 0.35101 0.05731 0.22954
1 0.77054 0.42217 0.05061 0.06160
1 0.69021 0.25005 0.03347 0.04356
