1 0.82558 0.65117 0.07631 0.17932
1 0.57725 0.30633 0.07411 0.12481
1 0.65608 0.61369 0.08510 0.11897
1 0.64810 0.28841 0.04283 0.08898
1 0.40461 0.44357 0.09670 0.08615
1 0.32795 0.55585 0.08213 0.11021
1 0.01811 0.77603 0.03617 0.10283
1 0.05776 0.19435 0.11552 0.17822
1 0.32350 0.47343 0.07800 0.10675
1 0.41109 0.94018 0.14445 0.10572
1 0.78431 0.71950 0.10298 0.13188
1 0.55561 0.96705 0.14243 0.06242
1 0.40198 0.79857 0.15288 0.15912
1 0.14541 0.38030 0.09010 0.08695
1 0.19719 0.66310 0.06451 0.08605
1 0.76281 0.69151 0.07284 0.16034
