1 0.55774 0.36405 0.09626 0.10501
1 0.91059 0.84398 0.08454 0.19669
1 0.84809 0.64889 0.12543 0.17126
1 0.33895 0.23254 0.05419 0.10418
1 0.33573 0.31541 0.06327 0.08046
1 0.03080 0.92983 0.06159 0.13271
1 0.40071 0.32082 0.06673 0.09744
1 0.68107 0.38913 0.06882 0.09541
1 0.55064 0.47457 0.14997 0.14899
1 0.55041 0.91573 0.14627 0.12700
1 0.24693 0.45865 0.06320 0.09287
1 0.39464 0.79295 0.16017 0.16780
1 0.18137 0.52078 0.07268 0.13504
1 0.33526 0.36060 0.05799 0.05832
1 0.83633 0.41243 0.08287 0.12849
1 0.78100 0.71605 0.09413 0.13340
1 0.40207 0.33972 0.07024 0.13076
1 0.24655 0.49176 0.06630 0.13237
1 0.24727 0.51201 0.06781 0.09119
