1 0.90764 0.84589 0.08623 0.20303
1 0.30002 0.46549 0.14542 0.31114
1 0.82413 0.64710 0.08428 0.16887
1 0.54988 0.44682 0.07666 0.13510
1 0.14120 0.26962 0.07494 0.13380
1 0.31400 0.61941 0.18122 0.27378
1 0.66153 0.34082 0.07380 0.10244
1 0.56875 0.58779 0.07413 0.15802
1 0.40144 0.76992 0.16152 0.21831
1 0.64778 0.56112 0.07263 0.13491
1 0.68968 0.40341 0.14176 0.11758
1 0.64735 0.25797 0.04312 0.08308
1 0.49280 0.45513 0.04810 0.07521
1 0.84717 0.64868 0.13228 0.16896
1 0.71502 0.29244 0.03546 0.06619
1 0.61820 0.20071 0.03200 0.04239
1 0.68674 0.20876 0.02082 0.04998
1 0.87617 0.26322 0.02666 0.05473
1 0.77863 0.38505 0.05214 0.05825
1 0.71068 0.24739 0.03124 0.03937
