1 0.90684 0.84737 0.08597 0.20598
1 0.12419 0.54817 0.09142 0.16637
1 0.69165 0.50004 0.07620 0.08850
1 0.67167 0.56958 0.11157 0.12745
1 0.40120 0.76306 0.15703 0.23988
1 0.65334 0.30950 0.04971 0.06572
1 0.55476 0.10146 0.05153 0.03641
1 0.71294 0.30359 0.03985 0.05742
1 0.64493 0.24649 0.03748 0.05814
1 0.61737 0.20092 0.03489 0.03555
1 0.23200 0.56340 0.08022 0.14188
1 0.40820 0.68440 0.11116 0.09212
1 0.80508 0.64839 0.11578 0.19426
1 0.19592 0.66147 0.12385 0.16325
1 0.70868 0.24578 0.03192 0.03611
1 0.82161 0.65397 0.08178 0.18072
