1 0.69111 0.46184 0.11140 0.14530
1 0.82147 0.65078 0.08345 0.17531
1 0.90709 0.84566 0.08563 0.20361
1 0.53851 0.51474 0.12190 0.17469
1 0.12500 0.54902 0.09279 0.16978
1 0.78209 0.50781 0.08556 0.15839
1 0.78164 0.71069 0.08552 0.11605
1 0.51287 0.41009 0.05183 0.06365
1 0.55486 0.10228 0.05145 0.03942
1 0.40256 0.79198 0.15343 0.16812
1 0.88025 0.65694 0.06624 0.10680
1 0.71182 0.30457 0.04080 0.05362
1 0.14206 0.27344 0.07403 0.13345
1 0.49604 0.36004 0.03471 0.05166
1 0.70482 0.25161 0.03152 0.04791
1 0.19338 0.66017 0.13118 0.16133
1 0.23059 0.54203 0.07656 0.09772
1 0.60997 0.50333 0.03991 0.09988
1 0.55364 0.96304 0.14099 0.06926
1 0.65380 0.31092 0.04907 0.05887
1 0.65081 0.25497 0.04902 0.07281
1 0.68848 0.20632 0.02370 0.05304
1 0.61936 0.20213 0.03462 0.04121
