1 0.65741 0.36440 0.09646 0.16297
1 0.84605 0.64674 0.12626 0.17168
1 0.23426 0.29618 0.10311 0.10620
1 0.78155 0.71015 0.09536 0.12908
1 0.91417 0.84658 0.08758 0.21316
1 0.21599 0.23125 0.04754 0.08255
1 0.72753 0.55688 0.08941 0.17261
1 0.26845 0.44466 0.09109 0.09400
1 0.47051 0.24473 0.07245 0.11929
1 0.53590 0.58882 0.07941 0.11634
1 0.27718 0.45544 0.07915 0.11478
1 0.71772 0.31687 0.03056 0.05567
1 0.70410 0.71905 0.07664 0.12403
1 0.40201 0.75962 0.15297 0.25679
1 0.60933 0.49280 0.06309 0.16833
1 0.03208 0.92930 0.06415 0.13980
1 0.69638 0.42320 0.08782 0.16814
1 0.81002 0.27583 0.05183 0.08311
1 0.78280 0.19488 0.06154 0.06700
1 0.12511 0.43802 0.17059 0.19742
1 0.47263 0.26705 0.07772 0.16140
1 0.50932 0.36846 0.09189 0.12905
1 0.63466 0.63850 0.11160 0.17850
