1 0.34056 0.23372 0.05350 0.10036
1 0.58007 0.48172 0.12802 0.20676
1 0.84776 0.65085 0.12869 0.17733
1 0.40255 0.76251 0.16036 0.24945
1 0.69996 0.38377 0.11573 0.12930
1 0.11163 0.50048 0.17636 0.26453
1 0.90788 0.84614 0.08558 0.20609
1 0.44613 0.56049 0.18941 0.18705
1 0.71449 0.50053 0.13556 0.17170
1 0.33745 0.31978 0.05281 0.07087
1 0.02193 0.77589 0.04386 0.10131
1 0.42774 0.41347 0.18460 0.19043
1 0.14352 0.27241 0.06918 0.12909
1 0.25728 0.52690 0.18932 0.33227
1 0.48518 0.29753 0.06143 0.05567
1 0.28013 0.71507 0.14706 0.13551
1 0.55332 0.85094 0.14472 0.22979
1 0.58710 0.59748 0.09762 0.07664
