1 0.90802 0.84540 0.08713 0.20256
1 0.33335 0.34297 0.05683 0.09920
1 0.56786 0.30965 0.13453 0.13786
1 0.40057 0.30731 0.06425 0.08321
1 0.62507 0.44348 0.03406 0.05658
1 0.84852 0.64744 0.12648 0.16922
1 0.82883 0.64607 0.08577 0.16645
1 0.75347 0.51863 0.04700 0.10575
1 0.56156 0.42502 0.09315 0.11606
1 0.49136 0.36916 0.04708 0.05578
1 0.41539 0.52296 0.06015 0.13397
1 0.62500 0.39665 0.03321 0.05951
1 0.48791 0.31611 0.03991 0.06994
1 0.14220 0.27429 0.07401 0.13663
1 0.40295 0.76748 0.15589 0.24678
1 0.55584 0.10170 0.05077 0.03700
1 0.78292 0.70854 0.09842 0.12381
1 0.69476 0.43812 0.10248 0.18108
1 0.55448 0.96113 0.14234 0.07354
