1 0.69954 0.38529 0.11635 0.13258
1 0.40277 0.76030 0.15961 0.25099
1 0.33992 0.23331 0.05416 0.10488
1 0.84459 0.64912 0.13106 0.16868
1 0.25655 0.52908 0.18913 0.33097
1 0.81894 0.52871 0.09099 0.11133
1 0.27928 0.71170 0.14671 0.13774
1 0.33894 0.31805 0.05521 0.06932
1 0.11259 0.51281 0.17724 0.23865
1 0.58045 0.48289 0.12826 0.20678
1 0.78231 0.17206 0.04467 0.06841
1 0.90737 0.84689 0.08554 0.20232
1 0.44604 0.56439 0.18896 0.18585
1 0.02167 0.77545 0.04323 0.10380
1 0.25898 0.58673 0.18572 0.21492
1 0.42903 0.30334 0.12159 0.06137
1 0.78039 0.70750 0.09577 0.12638
1 0.42833 0.41514 0.18929 0.19043
1 0.58673 0.59899 0.09534 0.07941
1 0.71647 0.50490 0.13896 0.16956
1 0.87531 0.26150 0.02314 0.06357
