1 0.84787 0.64581 0.12850 0.17240
1 0.26408 0.35464 0.06140 0.11226
1 0.21164 0.38397 0.05437 0.09717
1 0.20874 0.23176 0.07236 0.10198
1 0.66826 0.48104 0.11046 0.22415
1 0.58936 0.47388 0.06293 0.09564
1 0.39147 0.44009 0.11547 0.09845
1 0.40034 0.78855 0.15649 0.17695
1 0.63519 0.61960 0.10851 0.17859
1 0.21004 0.30713 0.05607 0.08951
0 0.04968 0.46105 0.08350 0.24758
1 0.90856 0.81522 0.08081 0.16330
1 0.08807 0.50344 0.02483 0.09085
1 0.72588 0.47585 0.02458 0.04618
1 0.55495 0.96373 0.14177 0.06822
1 0.40517 0.28038 0.04563 0.03931
1 0.70330 0.71468 0.06373 0.11623
1 0.87638 0.26794 0.01744 0.05835
1 0.60629 0.53015 0.05791 0.07412
1 0.39152 0.40644 0.11669 0.16855
1 0.25999 0.62611 0.08930 0.10669
1 0.39712 0.69250 0.15863 0.10620
1 0.34851 0.55062 0.08577 0.08992
