1 0.84804 0.64942 0.12447 0.17429
1 0.23639 0.29707 0.07895 0.09856
1 0.25326 0.36346 0.11454 0.10813
1 0.63393 0.60843 0.11458 0.23269
1 0.64908 0.44870 0.08314 0.12968
1 0.40000 0.43812 0.10289 0.09971
1 0.90392 0.83921 0.09688 0.21933
1 0.14752 0.40065 0.03568 0.08098
0 0.06903 0.73646 0.13755 0.44919
1 0.16039 0.40093 0.06079 0.08198
1 0.87706 0.26312 0.01938 0.05297
1 0.65576 0.68865 0.15020 0.13801
1 0.11057 0.48731 0.06962 0.11946
1 0.21586 0.43866 0.04708 0.06120
1 0.01654 0.77977 0.03308 0.09155
1 0.40410 0.79132 0.15426 0.18293
1 0.77837 0.70781 0.09533 0.12971
