1 0.11274 0.51745 0.17459 0.22630
1 0.27848 0.71374 0.14541 0.13387
1 0.40355 0.77476 0.15507 0.20785
1 0.78467 0.51336 0.05572 0.08234
1 0.87347 0.25936 0.02264 0.05820
1 0.84601 0.64988 0.12571 0.17492
1 0.25714 0.53005 0.19312 0.33176
1 0.90782 0.84917 0.08485 0.20715
1 0.03016 0.80593 0.05989 0.13709
1 0.55455 0.10118 0.05142 0.03553
1 0.75398 0.65854 0.07057 0.10991
1 0.02267 0.77506 0.04534 0.09766
1 0.14542 0.26878 0.06136 0.11506
1 0.62412 0.20236 0.04487 0.04017
1 0.39457 0.59691 0.07905 0.10433
1 0.53006 0.58237 0.14496 0.12923
