1 0.83503 0.42091 0.07988 0.14205
1 0.90917 0.84842 0.08215 0.20385
1 0.47713 0.39715 0.07669 0.09079
1 0.77897 0.71070 0.08960 0.12880
1 0.82502 0.64961 0.07886 0.17494
1 0.02984 0.93175 0.05968 0.13384
1 0.33647 0.33391 0.06060 0.11063
1 0.67449 0.35411 0.06880 0.09701
1 0.50591 0.48022 0.06111 0.13792
1 0.67705 0.46113 0.07256 0.13593
1 0.33889 0.23562 0.05163 0.10107
1 0.39941 0.32207 0.06211 0.09391
1 0.40738 0.93091 0.14597 0.10209
1 0.55015 0.91590 0.14569 0.12158
1 0.39445 0.79765 0.15413 0.16716
1 0.24520 0.45437 0.05726 0.11121
1 0.84663 0.64932 0.12245 0.17517
