1 0.90829 0.84526 0.08556 0.20029
1 0.78575 0.51284 0.05370 0.08383
1 0.39076 0.54882 0.08635 0.19833
1 0.40141 0.79743 0.15778 0.16618
1 0.25776 0.52017 0.19269 0.34848
1 0.27727 0.70656 0.14364 0.11601
1 0.82110 0.63952 0.08023 0.18061
1 0.50084 0.38438 0.06636 0.11537
1 0.11570 0.49992 0.17836 0.26324
1 0.14521 0.27202 0.06438 0.12747
1 0.11427 0.65043 0.15074 0.16150
1 0.87407 0.25819 0.02323 0.05700
1 0.78361 0.71106 0.09954 0.11368
1 0.55242 0.41721 0.04566 0.10926
1 0.26133 0.72487 0.11115 0.10309
1 0.02263 0.77655 0.04527 0.10206
1 0.41527 0.69450 0.12584 0.10891
