1 0.32792 0.52325 0.08239 0.17046
1 0.25037 0.57919 0.08114 0.21031
1 0.18818 0.63839 0.07061 0.12047
1 0.78215 0.70776 0.09713 0.12893
1 0.25949 0.73461 0.07303 0.09760
1 0.84465 0.64996 0.11891 0.17670
1 0.64607 0.30559 0.04765 0.06484
1 0.39754 0.79158 0.16219 0.17970
0 0.06707 0.64431 0.13414 0.61986
1 0.57456 0.49749 0.06510 0.14768
1 0.87750 0.27109 0.02193 0.06444
1 0.34170 0.65005 0.10510 0.20001
1 0.14551 0.27536 0.06721 0.13239
1 0.57231 0.47635 0.06216 0.10784
1 0.90781 0.87567 0.07939 0.14599
0 0.04442 0.45802 0.08736 0.26990
