1 0.82070 0.65490 0.08402 0.18130
1 0.12403 0.54854 0.09066 0.16614
1 0.90783 0.84449 0.08543 0.20135
1 0.67290 0.57450 0.07552 0.11170
1 0.69145 0.50076 0.07515 0.08764
1 0.40126 0.76210 0.15833 0.24385
1 0.71272 0.30201 0.04007 0.06071
0 0.57116 0.29542 0.03302 0.19790
1 0.65515 0.31057 0.04712 0.06027
1 0.19492 0.66116 0.12398 0.16432
1 0.23157 0.56339 0.07898 0.14221
1 0.64830 0.25079 0.04365 0.06347
1 0.70945 0.25065 0.03071 0.04666
1 0.55440 0.10126 0.04761 0.03569
1 0.16262 0.40110 0.05419 0.08877
1 0.61869 0.20087 0.03529 0.04057
