1 0.23804 0.29559 0.08134 0.09821
1 0.64746 0.44717 0.08514 0.13049
1 0.25432 0.36162 0.11345 0.10567
1 0.21502 0.43885 0.04552 0.05937
0 0.70219 0.34982 0.03931 0.18293
1 0.78008 0.70987 0.09119 0.11810
1 0.82422 0.64749 0.07961 0.16829
1 0.84810 0.64797 0.12674 0.17156
1 0.63528 0.61851 0.11366 0.22257
1 0.40170 0.78139 0.15763 0.20040
1 0.91166 0.84116 0.07736 0.21805
1 0.70394 0.67683 0.05816 0.11187
1 0.54213 0.46904 0.15977 0.11569
0 0.06811 0.73327 0.13583 0.44046
1 0.28730 0.35483 0.04815 0.09037
1 0.40674 0.28278 0.04424 0.04008
1 0.87728 0.26477 0.02038 0.05354
1 0.14343 0.26186 0.07146 0.10595
