1 0.79812 0.28412 0.07133 0.12119
1 0.03090 0.81663 0.06180 0.16085
1 0.44479 0.53766 0.18836 0.21427
1 0.78352 0.71080 0.10295 0.12512
1 0.25592 0.51311 0.19347 0.36270
1 0.58255 0.67479 0.09122 0.14467
1 0.84456 0.64786 0.12431 0.17290
1 0.11018 0.50496 0.18025 0.28366
1 0.40390 0.77556 0.15201 0.21217
1 0.13754 0.36820 0.06807 0.06307
1 0.67195 0.39392 0.05631 0.09433
1 0.55580 0.96932 0.14239 0.05847
1 0.55090 0.91321 0.14757 0.13252
1 0.05748 0.19556 0.11488 0.17775
1 0.64843 0.66077 0.03354 0.10804
1 0.03121 0.92831 0.06233 0.13729
