1 0.84809 0.64570 0.12801 0.16880
1 0.21079 0.23419 0.06688 0.09083
1 0.25499 0.36063 0.05480 0.10363
1 0.59401 0.47271 0.08108 0.15054
1 0.20961 0.38561 0.05156 0.09896
1 0.20848 0.30415 0.05863 0.08008
1 0.40065 0.77167 0.15700 0.21050
1 0.55551 0.96439 0.14284 0.06660
1 0.63392 0.63032 0.11155 0.20491
1 0.90827 0.81408 0.08208 0.16259
1 0.14519 0.25850 0.06626 0.10117
1 0.08778 0.50278 0.02525 0.09201
1 0.70399 0.71446 0.06239 0.11726
1 0.40480 0.28126 0.04666 0.04195
0 0.05235 0.45633 0.08644 0.25882
1 0.78611 0.46386 0.10175 0.18482
1 0.87740 0.26748 0.01855 0.05659
1 0.27133 0.43242 0.08580 0.07743
