1 0.90894 0.84732 0.08281 0.20294
1 0.33645 0.33707 0.06655 0.11401
1 0.33956 0.23334 0.05423 0.10734
1 0.40293 0.32821 0.07026 0.12030
1 0.25152 0.48906 0.07301 0.15075
1 0.03109 0.92929 0.06218 0.13474
1 0.18101 0.51485 0.07463 0.14086
1 0.84678 0.64228 0.12486 0.18089
1 0.39810 0.79452 0.15346 0.16245
1 0.28199 0.68601 0.09413 0.19437
1 0.33230 0.44094 0.06772 0.11685
0 0.65225 0.20206 0.04399 0.15724
1 0.40036 0.43501 0.07129 0.11512
1 0.76822 0.52468 0.08102 0.12718
1 0.59950 0.50912 0.04389 0.04640
1 0.78181 0.70626 0.09493 0.13499
1 0.97932 0.30965 0.04018 0.11942
1 0.37711 0.53211 0.14334 0.11753
1 0.55070 0.91172 0.14485 0.12225
1 0.37341 0.43599 0.12390 0.11689
