1 0.78159 0.70878 0.09573 0.12836
1 0.32646 0.55160 0.08032 0.11629
1 0.84510 0.64579 0.12017 0.16304
1 0.56989 0.47218 0.06350 0.09682
0 0.47111 0.33314 0.05769 0.15877
1 0.39547 0.79877 0.17037 0.15426
1 0.25122 0.58894 0.07891 0.16452
1 0.32395 0.47417 0.06950 0.07210
1 0.64835 0.30681 0.04765 0.05659
1 0.02086 0.79930 0.04164 0.14080
1 0.55149 0.87023 0.14718 0.21201
1 0.50905 0.39546 0.03880 0.04248
1 0.90659 0.87196 0.08374 0.15628
1 0.34089 0.61127 0.10281 0.14127
1 0.45022 0.46246 0.04394 0.09223
1 0.15090 0.27542 0.06515 0.13113
