1 0.55033 0.44857 0.07717 0.14051
1 0.64737 0.56649 0.07314 0.14565
1 0.66082 0.33835 0.07336 0.10371
1 0.31308 0.62436 0.17732 0.26284
1 0.82264 0.64627 0.08310 0.16694
1 0.68860 0.40357 0.14426 0.11752
1 0.49295 0.45534 0.04825 0.07766
1 0.14242 0.26558 0.07248 0.13073
1 0.20531 0.61012 0.07963 0.17010
1 0.57068 0.58845 0.06660 0.15527
1 0.64540 0.26100 0.03899 0.07437
1 0.40067 0.78881 0.15911 0.17866
1 0.29935 0.46573 0.14244 0.31448
1 0.38449 0.41987 0.04143 0.10386
1 0.90738 0.84473 0.08646 0.19706
0 0.09393 0.77419 0.18785 0.36422
1 0.84440 0.64515 0.12539 0.16581
1 0.55375 0.96296 0.14396 0.07342
1 0.61746 0.20000 0.03337 0.04105
1 0.78991 0.54984 0.06841 0.06645
1 0.40541 0.69617 0.14971 0.10884
1 0.71274 0.29173 0.04000 0.06717
1 0.71021 0.24702 0.03227 0.03716
1 0.78187 0.70759 0.09758 0.11840
