1 0.55421 0.36391 0.09491 0.10461
1 0.90979 0.84569 0.08420 0.19925
1 0.33544 0.31644 0.06357 0.07734
1 0.84711 0.64998 0.12654 0.17604
1 0.33971 0.23444 0.05538 0.10612
1 0.03080 0.93049 0.06161 0.13362
1 0.40224 0.33867 0.06965 0.12746
1 0.55117 0.91715 0.14654 0.12061
1 0.68583 0.50097 0.04934 0.06466
1 0.55314 0.47393 0.15705 0.14932
1 0.24730 0.46330 0.06281 0.10156
1 0.39107 0.78114 0.16646 0.19819
1 0.33546 0.36125 0.05766 0.05670
1 0.24683 0.48522 0.06534 0.14449
1 0.78038 0.71382 0.09426 0.12700
