1 0.82367 0.64529 0.07516 0.17113
1 0.23770 0.29676 0.08066 0.09976
1 0.39936 0.43894 0.09775 0.09891
1 0.25429 0.36433 0.11600 0.10718
1 0.21494 0.43755 0.04604 0.05778
1 0.64920 0.45000 0.08272 0.13301
1 0.40202 0.78414 0.15555 0.19301
1 0.84806 0.64635 0.12482 0.17282
1 0.90976 0.84166 0.08194 0.21806
1 0.78021 0.71300 0.09476 0.11780
1 0.63445 0.60459 0.11221 0.21823
0 0.65687 0.28541 0.04581 0.19981
1 0.34926 0.53997 0.09097 0.09838
1 0.66110 0.68573 0.14183 0.12889
1 0.28702 0.35870 0.04875 0.09619
1 0.25240 0.29583 0.05409 0.09954
1 0.14066 0.26669 0.07573 0.11746
1 0.01698 0.77958 0.03396 0.09244
