1 0.82444 0.64970 0.07832 0.17732
1 0.47655 0.39708 0.07478 0.09228
1 0.78044 0.71112 0.09153 0.12970
1 0.50584 0.47953 0.06237 0.13760
1 0.33432 0.33691 0.05847 0.10748
1 0.03062 0.92886 0.06124 0.13316
1 0.68871 0.46686 0.08041 0.12564
1 0.39344 0.79938 0.16004 0.15800
1 0.90962 0.84569 0.08310 0.20264
1 0.40642 0.92772 0.14750 0.10831
1 0.74858 0.40332 0.08115 0.08397
1 0.55015 0.91481 0.14378 0.11726
1 0.69172 0.38136 0.03456 0.07543
1 0.75222 0.23915 0.02969 0.07558
1 0.18300 0.51987 0.06804 0.11686
