1 0.20929 0.30283 0.05429 0.08115
1 0.60086 0.46998 0.09432 0.14168
1 0.76840 0.70582 0.07002 0.13149
1 0.21419 0.23304 0.04403 0.08354
1 0.23399 0.37221 0.10318 0.11900
1 0.59959 0.38721 0.10309 0.08782
1 0.14100 0.27956 0.08192 0.15364
1 0.14190 0.94445 0.08052 0.11111
1 0.82441 0.62498 0.07786 0.12484
1 0.63414 0.61512 0.11094 0.22088
1 0.40216 0.79095 0.15434 0.17048
1 0.03063 0.92757 0.06126 0.13642
1 0.84288 0.62410 0.11412 0.12598
1 0.50938 0.39113 0.08925 0.08042
1 0.52972 0.72027 0.10010 0.10787
1 0.40266 0.69063 0.14131 0.10347
1 0.66214 0.35881 0.05779 0.06911
1 0.78790 0.43610 0.10269 0.12145
1 0.68647 0.24000 0.07546 0.06446
1 0.71009 0.37821 0.04281 0.04615
