1 0.90745 0.84126 0.08573 0.21667
1 0.32636 0.52524 0.07876 0.17383
1 0.32714 0.55323 0.08075 0.11563
1 0.82433 0.64865 0.07670 0.16711
1 0.40215 0.79782 0.15448 0.16171
1 0.23547 0.73420 0.11188 0.09973
1 0.13756 0.70310 0.06483 0.10743
0 0.91151 0.30244 0.02365 0.12941
1 0.69235 0.59253 0.12004 0.10197
1 0.74303 0.68261 0.08289 0.12836
1 0.01666 0.78011 0.03333 0.09126
1 0.87761 0.26560 0.02170 0.05885
1 0.14781 0.75546 0.06189 0.12747
1 0.65382 0.21872 0.09102 0.07076
1 0.05192 0.25636 0.10361 0.13475
1 0.84774 0.64945 0.12514 0.16881
