1 0.32710 0.52264 0.08198 0.17174
1 0.84812 0.64900 0.12772 0.17072
0 0.48436 0.30726 0.04662 0.15389
1 0.64229 0.30590 0.04074 0.06279
1 0.25744 0.73475 0.07161 0.09742
1 0.25039 0.57761 0.08094 0.21088
1 0.56898 0.47417 0.06921 0.10614
1 0.14460 0.27649 0.07292 0.13832
1 0.39699 0.78001 0.16575 0.19903
1 0.78237 0.70412 0.09574 0.12125
1 0.34099 0.64995 0.10426 0.20437
0 0.07556 0.62887 0.15089 0.56808
1 0.21157 0.85773 0.12417 0.19831
1 0.87728 0.27038 0.01671 0.06612
1 0.90644 0.87650 0.07837 0.14540
