1 0.25290 0.36221 0.11777 0.11040
1 0.21451 0.43765 0.04395 0.05831
1 0.01750 0.77383 0.03483 0.10387
1 0.40054 0.75862 0.15806 0.23446
1 0.63518 0.62092 0.11295 0.20703
1 0.25597 0.28245 0.04771 0.07994
1 0.84495 0.65458 0.12045 0.17521
1 0.02800 0.82998 0.04689 0.08831
1 0.34856 0.54300 0.08804 0.09515
1 0.87608 0.26186 0.02104 0.05015
1 0.14103 0.26692 0.07657 0.12821
1 0.45070 0.63155 0.06982 0.08768
1 0.27331 0.35909 0.07665 0.10175
1 0.24390 0.72654 0.13254 0.10518
1 0.25591 0.62022 0.10113 0.08046
