1 0.69978 0.38397 0.11574 0.13313
1 0.34003 0.23519 0.05384 0.09907
1 0.71544 0.50126 0.13706 0.17148
1 0.90787 0.84568 0.08594 0.20317
1 0.84785 0.64717 0.12891 0.16726
1 0.40340 0.76072 0.16160 0.24989
1 0.11232 0.49719 0.17648 0.26922
1 0.57978 0.50076 0.12801 0.24808
1 0.44639 0.56396 0.18887 0.18809
1 0.25750 0.55796 0.18803 0.26829
1 0.02180 0.77545 0.04360 0.10253
1 0.33782 0.31786 0.05310 0.07060
1 0.55307 0.85569 0.14494 0.23067
1 0.42771 0.41374 0.18363 0.18915
1 0.78103 0.70961 0.09604 0.11206
1 0.58523 0.67258 0.09353 0.12957
1 0.48241 0.29844 0.06675 0.05789
1 0.55436 0.96138 0.14294 0.07573
1 0.27925 0.71628 0.14826 0.12441
1 0.14605 0.27072 0.06159 0.12419
1 0.70967 0.60494 0.12062 0.13830
