1 0.90753 0.84704 0.08574 0.20682
1 0.82233 0.63988 0.08113 0.18244
1 0.77762 0.50103 0.06978 0.11913
1 0.39103 0.54874 0.08624 0.19670
1 0.40135 0.80033 0.15772 0.16555
1 0.50061 0.39006 0.06727 0.12696
1 0.27752 0.70589 0.14292 0.11400
1 0.02525 0.80652 0.05050 0.14216
1 0.14412 0.27121 0.07069 0.12968
1 0.55526 0.10252 0.04786 0.03779
1 0.41551 0.69241 0.12580 0.10492
1 0.26065 0.72047 0.10957 0.11824
1 0.56239 0.51105 0.04672 0.08550
1 0.55285 0.41770 0.04462 0.10920
1 0.25714 0.51600 0.19252 0.35659
1 0.11514 0.66546 0.15288 0.19107
1 0.78447 0.71084 0.10163 0.11357
1 0.11687 0.49730 0.17884 0.26908
1 0.50446 0.51640 0.06697 0.08961
1 0.87396 0.26236 0.02245 0.05925
