1 0.84698 0.64427 0.12547 0.16835
1 0.23989 0.29580 0.08628 0.09874
1 0.90971 0.83630 0.08805 0.20884
1 0.25375 0.36251 0.11483 0.10174
0 0.06948 0.71719 0.13853 0.45325
1 0.28631 0.35890 0.05071 0.09461
1 0.64754 0.45410 0.08090 0.13776
1 0.23047 0.37311 0.07316 0.09357
1 0.40103 0.78572 0.15850 0.19459
1 0.39983 0.43689 0.11437 0.10529
1 0.63372 0.60111 0.11371 0.18516
0 0.05801 0.45015 0.07786 0.22739
0 0.07632 0.63397 0.15263 0.61216
1 0.58800 0.47714 0.06242 0.10017
1 0.14107 0.27832 0.07596 0.14068
1 0.26201 0.50109 0.09176 0.09506
1 0.39619 0.24903 0.05045 0.06825
1 0.22890 0.43625 0.07412 0.06320
1 0.08748 0.50113 0.02402 0.08936
