1 0.65972 0.37152 0.09510 0.17393
1 0.84686 0.64699 0.12693 0.17435
1 0.23336 0.29584 0.10189 0.10215
0 0.69461 0.60938 0.15108 0.34094
1 0.78105 0.71263 0.09719 0.13293
1 0.27017 0.44040 0.09026 0.09226
1 0.91531 0.83091 0.09046 0.18285
1 0.13087 0.43851 0.17859 0.20728
1 0.21311 0.23205 0.04252 0.08235
1 0.75775 0.26824 0.06428 0.09089
1 0.71962 0.38149 0.02737 0.05841
1 0.40157 0.76031 0.15292 0.25054
1 0.51135 0.34591 0.09315 0.08499
1 0.25055 0.37086 0.07632 0.10351
1 0.58546 0.37996 0.05885 0.09699
1 0.03095 0.92949 0.06190 0.13722
1 0.75699 0.43036 0.05010 0.09762
1 0.38926 0.25416 0.06309 0.09357
