0 0.56560 0.33827 0.04416 0.24259
1 0.90802 0.84156 0.08725 0.21655
1 0.32715 0.55274 0.08032 0.11277
1 0.32715 0.52811 0.07995 0.15891
1 0.84794 0.65113 0.12658 0.16682
0 0.47325 0.32067 0.05949 0.14273
1 0.74354 0.68489 0.08242 0.12878
1 0.32509 0.47907 0.07199 0.08013
1 0.87750 0.26311 0.02135 0.05418
1 0.45464 0.45908 0.05493 0.08914
1 0.05493 0.21341 0.10987 0.21901
1 0.66613 0.62815 0.17166 0.18120
1 0.14871 0.39616 0.03213 0.07273
1 0.23435 0.73272 0.11434 0.09792
1 0.01639 0.78159 0.03279 0.08948
