1 0.67855 0.54061 0.10368 0.15027
1 0.91025 0.84842 0.08294 0.20617
1 0.33641 0.33760 0.06593 0.11558
1 0.33909 0.23398 0.05415 0.10779
1 0.84734 0.64807 0.12491 0.17132
1 0.40223 0.32726 0.06913 0.12519
1 0.03106 0.93045 0.06213 0.13410
1 0.25112 0.48842 0.07160 0.15082
1 0.39889 0.79471 0.15387 0.16077
1 0.18080 0.51931 0.07404 0.13498
1 0.28247 0.68619 0.09506 0.19435
1 0.77356 0.71277 0.10933 0.13482
1 0.37654 0.53170 0.13766 0.11952
1 0.71496 0.62953 0.06782 0.12505
1 0.33299 0.44130 0.06911 0.11697
1 0.36622 0.43589 0.13319 0.11827
1 0.39030 0.43500 0.08500 0.11688
1 0.65851 0.33196 0.05215 0.05129
1 0.55065 0.91066 0.14470 0.12906
1 0.36630 0.61010 0.09862 0.08145
