1 0.28789 0.35615 0.05005 0.09108
1 0.90920 0.84111 0.08252 0.21783
1 0.21399 0.43714 0.04444 0.05851
1 0.23874 0.29762 0.08202 0.10014
1 0.16274 0.38578 0.06813 0.09855
1 0.27405 0.35959 0.07632 0.09725
1 0.55592 0.10514 0.05115 0.03565
1 0.70317 0.68004 0.05709 0.11279
1 0.01701 0.77869 0.03402 0.09482
1 0.40337 0.79114 0.15362 0.17031
1 0.40199 0.43960 0.09595 0.09623
1 0.84641 0.65067 0.12550 0.17352
1 0.63523 0.61945 0.11289 0.20248
0 0.67461 0.29010 0.03554 0.18444
1 0.77994 0.71435 0.09074 0.11955
1 0.25508 0.36354 0.11473 0.10067
1 0.25388 0.29610 0.05316 0.09851
