1 0.82340 0.64764 0.07901 0.16971
1 0.23773 0.29597 0.08091 0.10023
1 0.25402 0.36179 0.11385 0.10369
1 0.91065 0.83968 0.07991 0.21809
0 0.72617 0.36313 0.06870 0.21982
1 0.78077 0.71050 0.09307 0.11679
1 0.21519 0.43826 0.04569 0.05803
1 0.63426 0.60989 0.11321 0.24540
1 0.40171 0.79255 0.15738 0.18006
1 0.28671 0.35678 0.04842 0.09083
0 0.89077 0.38397 0.05229 0.16707
1 0.77561 0.56013 0.10507 0.16852
1 0.14320 0.27250 0.07247 0.13429
1 0.39508 0.69210 0.16545 0.10745
1 0.40353 0.43954 0.09815 0.09707
1 0.70255 0.67811 0.05703 0.11551
1 0.24455 0.28525 0.06929 0.08296
