1 0.90874 0.84522 0.08200 0.19921
1 0.82380 0.65126 0.08591 0.16644
1 0.29994 0.47245 0.14468 0.30158
1 0.21211 0.62229 0.09183 0.15430
1 0.49762 0.74733 0.04126 0.07413
1 0.78043 0.71403 0.09404 0.12613
1 0.42307 0.59948 0.04855 0.09498
1 0.39764 0.79905 0.15609 0.15608
1 0.03002 0.92951 0.06003 0.13281
1 0.65203 0.54112 0.06147 0.10457
0 0.69250 0.38311 0.10922 0.27398
1 0.40859 0.91927 0.14328 0.11945
1 0.54993 0.91486 0.14577 0.12482
1 0.84233 0.65124 0.12220 0.16735
1 0.20764 0.41507 0.08661 0.14859
1 0.56788 0.57387 0.06679 0.13118
1 0.04033 0.24811 0.08029 0.14017
1 0.37680 0.55483 0.04527 0.17686
