1 0.90707 0.84943 0.08738 0.20720
1 0.34097 0.23255 0.05418 0.10127
1 0.40131 0.32015 0.06637 0.13493
1 0.84599 0.65097 0.12348 0.17273
1 0.38760 0.43881 0.09011 0.11981
1 0.57530 0.44022 0.06259 0.07217
1 0.50290 0.38527 0.03938 0.08484
0 0.62558 0.57329 0.06983 0.31753
1 0.56066 0.63726 0.11990 0.25969
1 0.49969 0.31682 0.04492 0.07218
0 0.71500 0.46333 0.06045 0.31303
1 0.34211 0.33377 0.05858 0.11065
0 0.85592 0.30394 0.05825 0.25964
1 0.40308 0.76071 0.15647 0.23853
1 0.76358 0.32775 0.07194 0.16107
1 0.02300 0.77254 0.04600 0.10170
1 0.45708 0.33300 0.04586 0.08036
1 0.76269 0.35679 0.06828 0.10326
1 0.25929 0.51457 0.20149 0.36518
1 0.26377 0.72301 0.11353 0.12040
1 0.78113 0.70952 0.09309 0.12433
1 0.76344 0.42262 0.05670 0.06382
1 0.39024 0.52476 0.06866 0.09128
1 0.55272 0.85687 0.14635 0.23229
1 0.43839 0.63591 0.14512 0.19523
1 0.45007 0.51591 0.05387 0.07708
