1 0.83537 0.41998 0.08028 0.14319
1 0.55888 0.36443 0.09663 0.10476
1 0.90928 0.84736 0.08307 0.20306
1 0.47893 0.39740 0.08420 0.09137
1 0.62648 0.39741 0.04458 0.08221
1 0.33647 0.33371 0.06235 0.11044
1 0.82415 0.64989 0.07651 0.17539
1 0.77906 0.71289 0.08975 0.13018
1 0.55310 0.47265 0.16073 0.15167
1 0.39210 0.79715 0.16377 0.16671
1 0.02990 0.93194 0.05980 0.13405
1 0.33927 0.23491 0.05188 0.10272
1 0.68090 0.39127 0.06775 0.10032
1 0.40646 0.92346 0.14718 0.11908
1 0.54991 0.91752 0.14524 0.12031
0 0.08615 0.78220 0.16788 0.43009
