1 0.84754 0.64644 0.12865 0.17283
1 0.26346 0.35504 0.06227 0.11164
1 0.21037 0.38639 0.05366 0.09825
1 0.58830 0.47275 0.06140 0.09295
1 0.39958 0.43889 0.10079 0.09828
1 0.21547 0.23530 0.05524 0.08880
1 0.66256 0.45481 0.10047 0.16725
1 0.20776 0.30582 0.05612 0.08049
1 0.72440 0.47108 0.02972 0.05283
1 0.90864 0.81481 0.08136 0.16329
1 0.63337 0.62476 0.11243 0.21197
1 0.40088 0.78473 0.15666 0.18665
1 0.21103 0.44039 0.04530 0.05703
0 0.05687 0.45373 0.07898 0.24635
1 0.08690 0.50452 0.02423 0.08888
1 0.73686 0.53905 0.06217 0.09784
1 0.87655 0.26972 0.01780 0.06132
1 0.55586 0.96300 0.14481 0.07079
1 0.40458 0.28486 0.04782 0.04408
0 0.07239 0.74145 0.14457 0.39077
1 0.27404 0.42122 0.08014 0.07102
1 0.67730 0.54345 0.08224 0.10188
1 0.66755 0.53016 0.10017 0.12571
1 0.74442 0.82133 0.18380 0.35185
