1 0.78257 0.54207 0.12984 0.19774
1 0.90968 0.84563 0.08189 0.19802
1 0.84604 0.65734 0.13055 0.16649
1 0.03045 0.93002 0.06090 0.13261
1 0.29775 0.47248 0.14103 0.30214
1 0.20463 0.41091 0.08417 0.14792
1 0.21085 0.62121 0.08995 0.14917
1 0.39266 0.80013 0.16360 0.15509
1 0.49779 0.74967 0.04102 0.07948
1 0.40721 0.92150 0.14598 0.11587
1 0.67863 0.53852 0.11373 0.11817
1 0.77714 0.70757 0.08833 0.12144
1 0.55002 0.91371 0.14654 0.12397
1 0.18281 0.54063 0.06294 0.14555
1 0.19824 0.54359 0.09065 0.14276
