1 0.40346 0.75762 0.15685 0.24601
1 0.11098 0.51368 0.17482 0.23959
1 0.25580 0.54551 0.18958 0.30013
1 0.33977 0.23593 0.05338 0.09732
1 0.25814 0.58894 0.18707 0.21457
1 0.83235 0.65318 0.09576 0.17631
1 0.27838 0.71221 0.14485 0.13509
1 0.14248 0.26746 0.07121 0.12066
1 0.02795 0.80360 0.05539 0.14234
1 0.44532 0.56054 0.19052 0.19069
1 0.33827 0.31619 0.05719 0.06394
1 0.42704 0.41052 0.18643 0.20184
1 0.48982 0.29668 0.05152 0.05510
1 0.05242 0.24116 0.10012 0.16814
1 0.90707 0.84849 0.08524 0.21048
1 0.68297 0.52737 0.08278 0.14542
