1 0.90867 0.84827 0.08234 0.20554
1 0.33647 0.33676 0.06729 0.11544
1 0.33937 0.23275 0.05417 0.10594
1 0.40293 0.32499 0.06981 0.12856
1 0.25212 0.48912 0.07360 0.14965
1 0.84662 0.64729 0.12359 0.17032
1 0.03100 0.92962 0.06201 0.13393
1 0.39814 0.79472 0.15230 0.16210
0 0.78641 0.38045 0.04964 0.19484
1 0.18136 0.51618 0.07491 0.13846
1 0.28200 0.68675 0.09394 0.19545
1 0.33230 0.44195 0.06963 0.11724
1 0.78056 0.71057 0.09371 0.13170
1 0.38315 0.53121 0.15313 0.12045
1 0.37125 0.43548 0.12474 0.11816
1 0.34875 0.44141 0.10204 0.12250
1 0.55071 0.91187 0.14645 0.12751
