1 0.12029 0.55002 0.08429 0.16393
1 0.90717 0.84623 0.08566 0.20566
1 0.79279 0.61113 0.13893 0.26252
1 0.69161 0.49986 0.07471 0.09593
1 0.40076 0.76306 0.16015 0.24456
1 0.67810 0.57350 0.08975 0.11328
1 0.64699 0.24986 0.04163 0.06492
1 0.64020 0.30438 0.02601 0.06642
1 0.78081 0.71256 0.08414 0.10874
1 0.14045 0.26987 0.07482 0.12855
1 0.70854 0.25815 0.03600 0.05953
1 0.87980 0.66244 0.06566 0.10570
1 0.61772 0.19982 0.03414 0.03840
1 0.19741 0.66481 0.11678 0.16575
1 0.68285 0.54142 0.08930 0.17505
1 0.70630 0.26944 0.03407 0.07030
1 0.05015 0.26076 0.09983 0.13347
