1 0.32686 0.52594 0.08012 0.17552
1 0.66122 0.65589 0.08298 0.12714
1 0.82330 0.65202 0.08003 0.17277
1 0.90779 0.83961 0.08625 0.21812
1 0.14829 0.39835 0.03259 0.07856
1 0.76245 0.55842 0.11168 0.14667
1 0.01773 0.78020 0.03546 0.09005
1 0.23201 0.73227 0.11346 0.10277
1 0.74588 0.67314 0.08637 0.11300
1 0.14710 0.77704 0.06448 0.16025
1 0.32747 0.55581 0.08106 0.11636
1 0.02542 0.81397 0.04854 0.12272
1 0.34248 0.65236 0.10274 0.20206
1 0.13474 0.67204 0.06583 0.16968
1 0.70289 0.57832 0.11206 0.15888
