1 0.69071 0.46194 0.11028 0.14588
1 0.82112 0.65006 0.08335 0.17133
1 0.53892 0.51530 0.12174 0.17442
1 0.90676 0.84473 0.08529 0.20142
1 0.12854 0.55008 0.09813 0.16871
1 0.78406 0.71116 0.09068 0.11656
1 0.87964 0.65784 0.06470 0.10425
1 0.40233 0.78858 0.15429 0.17471
1 0.51285 0.41041 0.05247 0.06310
1 0.61236 0.50156 0.03947 0.10213
1 0.23123 0.53867 0.07591 0.09497
1 0.55373 0.10175 0.05283 0.04020
1 0.19417 0.66057 0.12319 0.16537
1 0.70577 0.25945 0.02708 0.06185
1 0.65502 0.31245 0.04756 0.05498
1 0.16483 0.39456 0.05834 0.09944
1 0.49580 0.35947 0.03310 0.05062
1 0.78294 0.50858 0.08581 0.15588
1 0.55132 0.88195 0.14551 0.17838
1 0.71630 0.30500 0.03158 0.05155
1 0.16910 0.54182 0.04480 0.14611
1 0.55359 0.96401 0.14294 0.06777
