1 0.40330 0.75768 0.15915 0.24636
1 0.33948 0.23195 0.05370 0.09845
1 0.02822 0.80467 0.05618 0.13979
1 0.25677 0.57742 0.18806 0.23613
1 0.11062 0.51682 0.17495 0.23743
1 0.25456 0.52491 0.19014 0.34064
1 0.55323 0.85189 0.14500 0.23632
1 0.44691 0.55991 0.18856 0.18795
1 0.24160 0.84527 0.18772 0.23204
1 0.05044 0.25688 0.10022 0.14384
1 0.42682 0.41008 0.18763 0.20194
1 0.13957 0.27777 0.07878 0.14238
1 0.84718 0.65142 0.12494 0.17552
1 0.33927 0.31664 0.05864 0.06990
1 0.27284 0.70917 0.13430 0.13103
1 0.48683 0.29640 0.05762 0.05639
