1 0.90802 0.84920 0.08671 0.20662
1 0.33280 0.34394 0.05643 0.09841
1 0.56815 0.31179 0.13422 0.13235
1 0.84639 0.64861 0.12368 0.16885
1 0.40043 0.30805 0.06338 0.08011
1 0.56191 0.42485 0.09513 0.11734
1 0.49142 0.36968 0.04692 0.05769
1 0.48669 0.31545 0.03830 0.06923
1 0.62479 0.39440 0.03497 0.06112
1 0.41828 0.15583 0.04737 0.07931
1 0.62528 0.42001 0.03544 0.10905
1 0.24654 0.44829 0.05907 0.06180
1 0.87884 0.26714 0.01918 0.06563
1 0.14536 0.27016 0.06751 0.12657
1 0.75356 0.51410 0.04739 0.08830
1 0.78353 0.70890 0.09696 0.11569
1 0.55628 0.96616 0.14433 0.06765
1 0.40316 0.77826 0.15545 0.23576
1 0.78633 0.19403 0.03178 0.03730
1 0.64442 0.25216 0.02746 0.06071
1 0.02107 0.77823 0.04214 0.09779
