1 0.40343 0.75761 0.15791 0.24615
1 0.33963 0.23314 0.05355 0.09761
1 0.13948 0.27554 0.07798 0.14053
1 0.11082 0.51571 0.17425 0.23679
1 0.02714 0.80490 0.05429 0.13810
1 0.25573 0.54356 0.18953 0.30502
1 0.82204 0.65367 0.07606 0.17339
1 0.25873 0.58936 0.18648 0.21400
1 0.42658 0.41165 0.18731 0.19930
1 0.83927 0.65278 0.11114 0.17502
1 0.44763 0.56157 0.18657 0.18351
1 0.33847 0.31825 0.06130 0.06898
1 0.05067 0.24750 0.10058 0.16061
1 0.87477 0.25983 0.02226 0.05446
1 0.49070 0.29629 0.05075 0.05515
1 0.27217 0.71083 0.13242 0.13023
1 0.24010 0.84912 0.19207 0.22287
