1 0.84792 0.64801 0.12730 0.17076
1 0.90931 0.83736 0.08359 0.21058
1 0.58835 0.47232 0.06127 0.09221
1 0.66369 0.47522 0.09657 0.21082
1 0.26493 0.35345 0.06446 0.12065
1 0.20842 0.38483 0.04965 0.09521
1 0.21704 0.23399 0.05448 0.08901
1 0.63360 0.60993 0.11437 0.23074
1 0.20877 0.30576 0.05596 0.08458
1 0.40279 0.78761 0.15527 0.17540
1 0.08757 0.50370 0.02401 0.09017
1 0.14684 0.26458 0.06353 0.12167
1 0.77786 0.70866 0.09495 0.13009
1 0.72445 0.47352 0.02783 0.04498
0 0.74448 0.27886 0.03149 0.15642
1 0.20947 0.43795 0.04433 0.05915
1 0.55377 0.96265 0.14269 0.07029
