1 0.90727 0.84611 0.08590 0.20451
1 0.69933 0.38582 0.11533 0.13389
1 0.82984 0.53320 0.06502 0.09041
1 0.25447 0.52284 0.19050 0.34203
1 0.11225 0.50365 0.17906 0.25814
1 0.33986 0.23033 0.05427 0.09690
1 0.57976 0.49683 0.12826 0.24229
1 0.33775 0.31800 0.05392 0.06926
1 0.81938 0.64521 0.08479 0.16282
1 0.40178 0.76257 0.16211 0.24207
1 0.27923 0.71041 0.14419 0.14202
1 0.14677 0.26618 0.06203 0.12036
1 0.71416 0.50054 0.13839 0.17021
1 0.44644 0.56311 0.18855 0.18226
1 0.55078 0.85686 0.14672 0.22203
1 0.58502 0.66871 0.09365 0.12263
1 0.78297 0.70522 0.09801 0.12431
1 0.02476 0.80089 0.04849 0.14947
1 0.77950 0.59881 0.03346 0.08577
1 0.75320 0.29487 0.04605 0.08421
1 0.73565 0.60031 0.06632 0.11525
1 0.55481 0.10134 0.04842 0.03563
1 0.71448 0.60006 0.11417 0.11978
1 0.42968 0.30190 0.12301 0.06030
1 0.42838 0.41412 0.18917 0.19307
1 0.78392 0.16719 0.04168 0.05186
1 0.58692 0.59817 0.09821 0.08080
