1 0.56845 0.31319 0.13244 0.13173
1 0.34947 0.23690 0.06234 0.10565
1 0.40068 0.29966 0.06387 0.09889
1 0.33613 0.32069 0.05623 0.07742
1 0.69294 0.30606 0.06782 0.08394
1 0.33609 0.33704 0.05729 0.10986
1 0.33684 0.36777 0.05649 0.05382
1 0.62063 0.39306 0.04233 0.06576
1 0.82864 0.64093 0.08903 0.15611
1 0.55321 0.39656 0.07214 0.06294
1 0.14123 0.27482 0.07978 0.14275
1 0.84726 0.64091 0.12738 0.15656
1 0.40287 0.76200 0.15512 0.24477
1 0.14671 0.39482 0.03051 0.06836
1 0.61286 0.44458 0.05705 0.06356
1 0.87830 0.26618 0.01940 0.06597
1 0.50156 0.47840 0.06775 0.12386
1 0.45143 0.59704 0.04461 0.09370
1 0.18752 0.48808 0.05985 0.07126
1 0.55442 0.10273 0.05078 0.03550
