1 0.12271 0.54798 0.08806 0.16853
1 0.15271 0.40015 0.03565 0.07427
1 0.90743 0.84658 0.08686 0.20666
1 0.69202 0.50292 0.07571 0.08177
1 0.71197 0.29952 0.04185 0.06936
0 0.41792 0.33180 0.03934 0.22076
1 0.81904 0.64534 0.08389 0.19814
1 0.64649 0.24950 0.04062 0.06107
1 0.40211 0.76656 0.15666 0.23092
1 0.65138 0.30742 0.04875 0.06689
1 0.66452 0.55834 0.12720 0.14992
1 0.64328 0.30678 0.03234 0.06624
1 0.70906 0.25023 0.03184 0.04636
1 0.19809 0.66137 0.11745 0.15957
1 0.79312 0.61613 0.13550 0.25949
1 0.61915 0.20157 0.03293 0.03837
