1 0.59471 0.47892 0.08056 0.16051
1 0.82415 0.62231 0.07959 0.12231
1 0.21649 0.23419 0.05527 0.08810
1 0.26230 0.35475 0.06596 0.11095
1 0.63542 0.60761 0.10881 0.15513
1 0.20976 0.38578 0.05475 0.09552
0 0.05128 0.45528 0.08367 0.25050
1 0.40108 0.77373 0.15806 0.20363
1 0.40450 0.28166 0.04733 0.04233
1 0.08812 0.50337 0.02570 0.09285
1 0.88167 0.61950 0.05258 0.10649
1 0.20889 0.29906 0.05653 0.07106
1 0.76526 0.70533 0.06830 0.12578
1 0.84694 0.62415 0.12506 0.12152
1 0.40203 0.44290 0.09490 0.09266
1 0.21016 0.32398 0.05253 0.06654
