1 0.39135 0.54988 0.08505 0.19813
1 0.25648 0.51315 0.18968 0.35236
1 0.14458 0.26308 0.06931 0.12455
1 0.90748 0.84520 0.08602 0.20280
1 0.50061 0.34271 0.08271 0.09674
1 0.27426 0.71514 0.13625 0.12997
1 0.40282 0.77038 0.15802 0.22222
1 0.78154 0.71094 0.09694 0.10841
1 0.75550 0.21337 0.02957 0.06392
1 0.87440 0.26067 0.02310 0.06715
1 0.11582 0.49855 0.17722 0.26918
1 0.02353 0.80674 0.04704 0.13606
1 0.62325 0.20213 0.04601 0.03927
1 0.55649 0.10137 0.05145 0.03823
1 0.11410 0.65850 0.15048 0.17836
1 0.84635 0.65039 0.12457 0.17215
